312	4.83429	4.83429	-0.02023	-0.02023	0
313	4.83429	4.83429	0.00000	0.00000	0
314	4.83509	4.83509	0.00080	0.00080	0
315	4.85163	4.85163	0.01654	0.01654	0
316	4.82486	4.82486	-0.02677	-0.02677	0
317	4.83453	4.83453	0.00967	0.00967	0
318	4.83246	4.83246	-0.00207	-0.00207	0
319	4.85163	4.85163	0.01917	0.01917	0
320	4.85709	4.85709	0.00546	0.00546	0
321	4.86236	4.86236	0.00527	0.00527	0
322	4.87999	4.87999	0.01763	0.01763	0
323	4.89447	4.89447	0.01448	0.01448	0
324	4.88695	4.88695	-0.00752	-0.00752	0
325	4.89671	4.89671	0.00976	0.00976	0
326	4.89462	4.89462	-0.00209	-0.00209	0
327	4.88424	4.88424	-0.01038	-0.01038	0
328	4.89709	4.89709	0.01285	0.01285	0
329	4.90267	4.90267	0.00558	0.00558	0
330	4.89132	4.89132	-0.01135	-0.01135	0
331	4.88695	4.88695	-0.00437	-0.00437	0
332	4.87213	4.87213	-0.01482	-0.01482	0
333	4.86483	4.86483	-0.00730	-0.00730	0
334	4.85460	4.85460	-0.01023	-0.01023	0
335	4.84850	4.84850	-0.00610	-0.00610	0
336	4.84158	4.84158	-0.00692	-0.00692	0
337	4.84355	4.84355	0.00197	0.00197	0
338	4.83310	4.83310	-0.01045	-0.01045	0
339	4.82229	4.82229	-0.01081	-0.01081	0
340	4.83429	4.83429	0.01200	0.01200	0
341	4.83055	4.83055	-0.00374	-0.00374	0
342	4.84339	4.84339	0.01284	0.01284	0
343	4.84654	4.84654	0.00315	0.00315	0
344	4.85163	4.85163	0.00509	0.00509	0
345	4.83651	4.83651	-0.01512	-0.01512	0
346	4.83984	4.83984	0.00333	0.00333	0
347	4.81705	4.81705	-0.02279	-0.02279	0
348	4.82149	4.82149	0.00444	0.00444	0
349	4.82092	4.82092	-0.00057	-0.00057	0
350	4.82293	4.82293	0.00201	0.00201	0
351	4.79455	4.79455	-0.02838	-0.02838	0
352	4.78247	4.78247	-0.01208	-0.01208	0
353	4.80032	4.80032	0.01785	0.01785	0
354	4.79189	4.79189	-0.00843	-0.00843	0
355	4.79744	4.79744	0.00555	0.00555	0
356	4.81502	4.81502	0.01758	0.01758	0
357	4.81177	4.81177	-0.00325	-0.00325	0
358	4.81899	4.81899	0.00722	0.00722	0
359	4.81624	4.81624	-0.00275	-0.00275	0
360	4.82189	4.82189	0.00565	0.00565	0
361	4.82534	4.82534	0.00345	0.00345	0
362	4.81850	4.81850	-0.00684	-0.00684	0
363	4.81259	4.81259	-0.00591	-0.00591	0
364	4.81745	4.81745	0.00486	0.00486	0
365	4.82550	4.82550	0.00805	0.00805	0
366	4.83166	4.83166	0.00616	0.00616	0
367	4.83350	4.83350	0.00184	0.00184	0
368	4.82951	4.82951	-0.00399	-0.00399	0
369	4.82269	4.82269	-0.00682	-0.00682	0
370	4.82615	4.82615	0.00346	0.00346	0
371	4.79123	4.79123	-0.03492	-0.03492	0
372	4.78105	4.78105	-0.01018	-0.01018	0
373	4.76941	4.76941	-0.01164	-0.01164	0
374	4.75763	4.75763	-0.01178	-0.01178	0
375	4.76941	4.76941	0.01178	0.01178	0
376	4.75445	4.75445	-0.01496	-0.01496	0
377	4.76012	4.76012	0.00567	0.00567	0
378	4.73619	4.73619	-0.02393	-0.02393	0
379	4.72871	4.72871	-0.00748	-0.00748	0
380	4.72694	4.72694	-0.00177	-0.00177	0
381	4.70411	4.70411	-0.02283	-0.02283	0
382	4.71043	4.71043	0.00632	0.00632	0
383	4.70138	4.70138	-0.00905	-0.00905	0
384	4.71536	4.71536	0.01398	0.01398	0
385	4.70519	4.70519	-0.01017	-0.01017	0
386	4.67637	4.67637	-0.02882	-0.02882	0
387	4.67525	4.67525	-0.00112	-0.00112	0
388	4.66645	4.66645	-0.00880	-0.00880	0
389	4.67656	4.67656	0.01011	0.01011	0
390	4.66673	4.66673	-0.00983	-0.00983	0
391	4.68148	4.68148	0.01475	0.01475	0
392	4.68518	4.68518	0.00370	0.00370	0
393	4.68194	4.68194	-0.00324	-0.00324	0
394	4.66861	4.66861	-0.01333	-0.01333	0
395	4.65965	4.65965	-0.00896	-0.00896	0
396	4.64775	4.64775	-0.01190	-0.01190	0
397	4.62888	4.62888	-0.01887	-0.01887	0
398	4.64870	4.64870	0.01982	0.01982	0
399	4.64870	4.64870	0.00000	0.00000	0
400	4.65918	4.65918	0.01048	0.01048	0
401	4.65994	4.65994	0.00076	0.00076	0
402	4.64947	4.64947	-0.01047	-0.01047	0
403	4.66391	4.66391	0.01444	0.01444	0
404	4.66701	4.66701	0.00310	0.00310	0
405	4.65633	4.65633	-0.01068	-0.01068	0
406	4.67376	4.67376	0.01743	0.01743	0
407	4.68628	4.68628	0.01252	0.01252	0
408	4.68425	4.68425	-0.00203	-0.00203	0
409	4.68564	4.68564	0.00139	0.00139	0
410	4.66786	4.66786	-0.01778	-0.01778	0
411	4.67962	4.67962	0.01176	0.01176	0
412	4.68693	4.68693	0.00731	0.00731	0
413	4.68997	4.68997	0.00304	0.00304	0
414	4.69116	4.69116	0.00119	0.00119	0
415	4.69902	4.69902	0.00786	0.00786	0
416	4.70817	4.70817	0.00915	0.00915	0
417	4.70817	4.71751	0.00000	0.00934	 0.32440
418	4.70417	4.71716	-0.00400	-0.00035	 0.49480
419	4.69217	4.70908	-0.01200	-0.00808	 0.10202
420	4.68617	4.71447	-0.00600	0.00539	 0.21515
421	4.68017	4.70093	-0.00600	-0.01354	 0.37522
422	4.69617	4.69410	0.01600	-0.00683	 0.03438
423	4.71817	4.67981	0.02200	-0.01429	 0.02725
424	4.69217	4.64967	-0.02600	-0.03014	 0.03584
425	4.68217	4.65110	-0.01000	0.00143	 0.24379
426	4.67017	4.65852	-0.01200	0.00742	 0.08705
427	4.66017	4.65444	-0.01000	-0.00408	 0.00112
428	4.66617	4.66438	0.00600	0.00994	 0.29101
429	4.66017	4.65253	-0.00600	-0.01185	 0.17007
430	4.66017	4.64131	0.00000	-0.01122	 0.17007
431	4.64217	4.65653	-0.01800	0.01522	 0.01535
432	4.63617	4.63899	-0.00600	-0.01754	 0.04633
433	4.65217	4.63909	0.01600	0.00010	 0.36530
434	4.65417	4.61976	0.00200	-0.01933	 0.35360
435	4.64817	4.62889	-0.00600	0.00913	 0.47222
436	4.64817	4.65396	0.00000	0.02507	 0.47222
437	4.67217	4.64506	0.02400	-0.00890	 0.09051
438	4.69617	4.64679	0.02400	0.00173	 0.08570
439	4.68017	4.65681	-0.01600	0.01002	 0.04344
440	4.70217	4.64054	0.02200	-0.01627	 0.70211
441	4.68417	4.63327	-0.01800	-0.00727	 0.30153
442	4.66217	4.61066	-0.02200	-0.02261	 0.20542
443	4.62817	4.59158	-0.03400	-0.01908	 0.14045
444	4.60617	4.58548	-0.02200	-0.00610	 0.28825
445	4.57417	4.58344	-0.03200	-0.00204	 0.01808
446	4.53217	4.59360	-0.04200	0.01016	 0.57478
447	4.54417	4.60667	0.01200	0.01307	 1.76716
448	4.53417	4.60667	-0.01000	0.00000	 1.71126
449	4.52617	4.60817	-0.00800	0.00150	 1.74168
450	4.52617	4.59006	0.00000	-0.01811	 1.83936
451	4.53017	4.60966	0.00400	0.01960	 0.98989
452	4.53217	4.59623	0.00200	-0.01343	 0.71799
453	4.54817	4.59663	0.01600	0.00040	 0.02819
454	4.54217	4.59411	-0.00600	-0.00252	 0.37926
455	4.55217	4.58241	0.01000	-0.01170	 0.35331
456	4.55817	4.59562	0.00600	0.01321	 0.14213
457	4.56817	4.61234	0.01000	0.01672	 0.22344
458	4.59217	4.58680	0.02400	-0.02554	 0.01576
459	4.60017	4.57626	0.00800	-0.01054	 0.88749
460	4.61217	4.57780	0.01200	0.00154	 0.55402
461	4.60417	4.58037	-0.00800	0.00257	 0.24842
462	4.59217	4.58292	-0.01200	0.00255	 0.08431
463	4.59417	4.58955	0.00200	0.00663	 0.55159
464	4.59017	4.58955	-0.00400	0.00000	 0.44862
465	4.59017	4.61066	0.00000	0.02111	 0.49719
466	4.59017	4.60637	0.00000	-0.00429	 0.49719
467	4.57817	4.60727	-0.01200	0.00090	 0.00073
468	4.59217	4.60667	0.01400	-0.00060	 0.03235
469	4.59217	4.60116	0.00000	-0.00551	 0.12092
470	4.59217	4.61868	0.00000	0.01752	 0.12092
471	4.58817	4.59056	-0.00400	-0.02812	 0.43752
472	4.56817	4.59966	-0.02000	0.00910	 0.53569
473	4.56417	4.59875	-0.00400	-0.00091	 0.90061
474	4.56817	4.60317	0.00400	0.00442	 0.65038
475	4.57617	4.59421	0.00800	-0.00896	 0.26478
476	4.55217	4.57728	-0.02400	-0.01693	 0.40241
477	4.53017	4.57471	-0.02200	-0.00257	 0.03276
478	4.53017	4.54436	0.00000	-0.03035	 0.03276
479	4.51217	4.51141	-0.01800	-0.03295	 0.44398
480	4.49617	4.49010	-0.01600	-0.02131	 1.31709
481	4.46617	4.48864	-0.03000	-0.00146	 0.07384
482	4.47817	4.46084	0.01200	-0.02780	 0.80750
483	4.48417	4.42700	0.00600	-0.03384	 1.08019
484	4.47817	4.42245	-0.00600	-0.00455	 0.91682
485	4.45417	4.41522	-0.02400	-0.00723	 0.03786
486	4.43417	4.43319	-0.02000	0.01797	 0.05167
487	4.43217	4.43022	-0.00200	-0.00297	 0.70562
488	4.42417	4.46245	-0.00800	0.03223	 0.57760
489	4.43617	4.46418	0.01200	0.00173	 0.38555
490	4.44017	4.41474	0.00400	-0.04944	 0.90862
491	4.43817	4.43497	-0.00200	0.02023	 0.65275
492	4.44017	4.43722	0.00200	0.00225	 0.67436
493	4.42817	4.43971	-0.01200	0.00249	 0.52698
494	4.43217	4.43438	0.00400	-0.00533	 0.70823
495	4.45017	4.43923	0.01800	0.00485	 0.08131
496	4.47417	4.46303	0.02400	0.02380	 1.16386
497	4.48817	4.47483	0.01400	0.01180	 0.93494
498	4.49417	4.48278	0.00600	0.00795	 1.16430
499	4.49017	4.47847	-0.00400	-0.00431	 1.84763
500	4.50617	4.51525	0.01600	0.03678	 0.52190
501	4.50617	4.54180	0.00000	0.02655	 0.52190
502	4.50617	4.57883	0.00000	0.03703	 1.46846
503	4.50417	4.57161	-0.00200	-0.00722	 0.00016
504	4.51217	4.57954	0.00800	0.00793	 0.00220
505	4.52217	4.60166	0.01000	0.02212	 0.17815
506	4.53817	4.64506	0.01600	0.04340	 0.04343
507	4.54417	4.60567	0.00600	-0.03939	 0.25506
508	4.52217	4.60247	-0.02200	-0.00320	 0.03201
509	4.53417	4.61066	0.01200	0.00819	 0.02680
510	4.54217	4.61492	0.00800	0.00426	 0.11923
511	4.53417	4.60876	-0.00800	-0.00616	 0.19104
512	4.54617	4.62252	0.01200	0.01376	 0.00102
513	4.58617	4.64343	0.04000	0.02091	 0.02231
514	4.58217	4.61373	-0.00400	-0.02970	 0.51518
515	4.58217	4.62527	0.00000	0.01154	 0.51518
516	4.58217	4.62065	0.00000	-0.00462	 0.44422
517	4.60017	4.61710	0.01800	-0.00355	 0.00447
518	4.60017	4.61789	0.00000	0.00079	 0.00447
519	4.60817	4.62497	0.00800	0.00708	 0.30788
520	4.60817	4.62791	0.00000	0.00294	 0.50553
521	4.60817	4.63890	0.00000	0.01099	 0.50553
