312	-0.9850	0.1492	1.1700	0.6214	-1.3140	1.5688	0.3770	0.7352	-0.4760	0.1176	-0.1660	0.9783	-0.0200	1.3534	-0.6240	1.3632	-2.5200	1.2368	-1.3820	1.6524	-0.7680	0.6560	0.9280	0.2442	0.3600	0.9330	0.3460	1.3971	-0.1900	0.3315	-0.4970	0.3651	0.1260	0.2979	
313	-0.9850	0.1492	1.2050	0.6368	-1.2800	1.5642	0.4430	0.5559	-0.4880	0.0840	-0.1210	0.9447	-0.0640	1.2463	-0.7380	1.3060	-2.4800	1.3151	-1.3330	1.6366	-0.7720	0.6378	0.9370	0.2296	0.4200	0.9075	0.3020	1.4374	-0.1880	0.3284	-0.5190	0.3725	0.1280	0.2885	
314	-1.0000	0.0000	1.2700	0.7015	-1.1750	1.5626	0.4170	0.7048	-0.4820	0.1024	-0.0610	0.9800	0.0040	1.0966	-0.6880	1.2696	-2.4050	1.3887	-1.2720	1.5733	-0.8580	0.4733	0.9190	0.2576	0.4000	0.9165	0.1170	1.3319	-0.1640	0.3372	-0.5100	0.3576	0.1000	0.2814	
315	-1.0000	0.0000	1.3650	0.8362	-1.0750	1.5498	0.4250	0.7035	-0.4820	0.1024	0.1280	0.7334	0.0200	0.8646	-0.6420	1.2148	-2.3400	1.4712	-1.3450	1.5673	-0.8840	0.4595	0.8470	0.3381	0.5180	0.8437	0.2420	1.5302	-0.2080	0.3591	-0.4420	0.4005	0.0890	0.2588	
316	-1.0000	0.0000	1.3650	0.7964	-1.2400	1.5692	0.4140	0.4940	-0.4880	0.0840	0.1500	0.7426	-0.0810	0.6852	-0.5170	1.0784	-2.1350	1.6353	-1.3990	1.5446	-0.8990	0.4323	0.8580	0.4070	0.5380	0.8311	0.2250	1.6709	-0.1830	0.3824	-0.4210	0.3983	0.0720	0.2502	
317	-1.0000	0.0000	1.2700	0.7015	-1.2400	1.6023	0.4470	0.3579	-0.4880	0.0840	0.1260	0.8096	-0.0750	0.6877	-0.4540	1.0293	-2.0800	1.6833	-1.2730	1.5378	-0.9090	0.4287	0.8850	0.3851	0.4180	0.8975	0.2110	1.8761	-0.1970	0.3788	-0.4440	0.3917	0.0810	0.2675	
318	-0.9890	0.1094	1.2400	0.6499	-1.4050	1.6042	0.4800	0.1000	-0.4940	0.0597	0.0600	0.9810	-0.0820	0.5380	-0.4210	1.0443	-2.0110	1.7164	-1.1070	1.4874	-0.8920	0.4496	0.8850	0.3851	0.5180	0.8437	0.4010	1.7439	-0.2620	0.3649	-0.4190	0.4032	0.0950	0.2769	
319	-0.9780	0.1540	1.3800	0.7846	-1.2250	1.5833	0.4840	0.0924	-0.4650	0.3482	0.1800	0.8328	-0.0090	0.4461	-0.4240	0.9954	-1.9200	1.7758	-1.2920	1.5185	-0.9380	0.2009	0.7760	0.4271	0.6180	0.7735	0.4250	1.7355	-0.2590	0.3899	-0.3620	0.4298	0.0700	0.2718	
320	-0.9780	0.1540	1.2800	0.6940	-1.5050	1.5961	0.4780	0.1293	-0.3850	0.6036	0.2500	0.9179	-0.0650	0.4442	-0.3260	0.9482	-2.0000	1.7321	-1.0740	1.4822	-0.9500	0.1500	0.8060	0.4207	0.6200	0.7846	0.3700	1.7763	-0.2260	0.4246	-0.4130	0.5051	0.0970	0.2941	
321	-0.9890	0.1094	1.1910	0.6096	-1.6200	1.5971	0.4590	0.3527	-0.2900	0.8312	0.3350	0.8673	-0.1030	0.3142	-0.2120	0.7700	-2.0800	1.6833	-1.0010	1.4391	-0.9550	0.1431	0.8090	0.4294	0.6800	0.7332	0.5080	1.7398	-0.2420	0.4186	-0.4270	0.5941	0.1090	0.2892	
322	-1.0000	0.0000	1.1420	0.5622	-1.7750	1.5722	0.3540	0.6872	-0.3600	0.6859	0.3470	0.8683	-0.1030	0.3142	-0.2870	0.8990	-2.3200	1.5025	-1.1190	1.4777	-0.9510	0.1603	0.8260	0.3799	0.7050	0.7586	0.4540	1.5935	-0.3120	0.3788	-0.3840	0.7715	0.1250	0.3160	
323	-1.0000	0.0000	1.0620	0.4152	-1.9500	1.5370	0.2490	0.8934	-0.3600	0.6859	0.4860	0.8045	-0.1100	0.3081	-0.3060	0.8927	-2.2800	1.5367	-1.0060	1.4358	-0.9380	0.1948	0.8080	0.3923	0.7650	0.6981	0.4890	1.4341	-0.3500	0.3324	-0.4280	0.7463	0.1930	0.3347	
324	-1.0000	0.0000	1.0710	0.4038	-2.0750	1.4532	0.1790	1.0015	-0.3600	0.6859	0.4660	0.8039	-0.1060	0.3091	-0.2910	0.8924	-2.3510	1.5043	-0.9800	1.4215	-0.9240	0.2159	0.8080	0.3923	0.7850	0.6134	0.7680	1.5837	-0.3510	0.3158	-0.4920	0.6788	0.2290	0.3377	
325	-1.0000	0.0000	1.0400	0.2800	-2.0150	1.4756	0.1900	1.0044	-0.4300	0.4900	0.4850	0.7268	-0.0860	0.0970	-0.1830	0.7586	-2.3560	1.4939	-0.8200	1.3671	-0.9180	0.2123	0.8320	0.3633	0.7200	0.6940	0.6570	1.5511	-0.3460	0.3173	-0.5270	0.5853	0.2280	0.3383	
326	-0.9910	0.0895	1.0400	0.2800	-2.0800	1.4452	0.2400	0.9013	-0.4650	0.3482	0.4150	0.9398	-0.0720	0.1379	-0.2250	0.8447	-2.6400	1.1447	-0.7190	1.2873	-0.9370	0.1864	0.8560	0.3299	0.6910	0.7160	0.7830	1.4907	-0.3430	0.3317	-0.3800	0.8358	0.2490	0.3596	
327	-0.9910	0.0895	1.0400	0.2800	-2.2000	1.3910	0.0350	1.1495	-0.4650	0.3482	0.4810	0.9400	-0.0720	0.1192	-0.1600	0.8017	-2.5800	1.2098	-0.6930	1.3033	-0.9340	0.2075	0.8200	0.3600	0.6200	0.7846	0.6260	1.4138	-0.3780	0.3038	-0.1710	1.0994	0.2470	0.3943	
328	-0.9820	0.1260	1.0200	0.1990	-2.2150	1.4022	-0.0840	1.2290	-0.5250	0.2487	0.5860	0.7931	-0.0800	0.1030	-0.3060	1.0109	-2.5800	1.2098	-0.7730	1.3615	-0.9620	0.1573	0.8380	0.3458	0.6200	0.7846	0.8850	1.4350	-0.3700	0.3288	-0.1980	1.1086	0.2880	0.4003	
329	-0.9910	0.0895	1.0200	0.1990	-2.3400	1.3264	-0.0690	1.2269	-0.5250	0.2487	0.6670	0.6981	-0.0870	0.0844	-0.3100	1.0059	-2.5600	1.2516	-0.7400	1.3466	-0.9760	0.1226	0.8180	0.3645	0.6000	0.8000	0.8210	1.4110	-0.4100	0.2862	-0.0890	1.1769	0.2950	0.3790	
330	-0.9910	0.0895	1.0200	0.1990	-2.4000	1.2865	-0.0950	1.2323	-0.4950	0.0497	0.6220	0.8574	-0.0810	0.1027	-0.2330	0.9399	-2.5290	1.2784	-0.5810	1.2564	-0.9710	0.1314	0.8160	0.3690	0.6110	0.7854	0.8620	1.4167	-0.4400	0.2375	-0.1560	1.1428	0.2850	0.3383	
331	-0.9910	0.0895	1.0000	0.0000	-2.2000	1.4283	-0.2400	1.2971	-0.4900	0.0700	0.6050	0.7915	-0.0870	0.0844	-0.3570	1.0807	-2.5290	1.2784	-0.6020	1.2833	-0.9510	0.2017	0.8230	0.3668	0.7000	0.7681	0.9150	1.4118	-0.4100	0.2862	-0.0740	1.1662	0.2030	0.4612	
332	-0.9810	0.1332	0.9850	0.1492	-2.1650	1.4510	-0.2450	1.3238	-0.4900	0.0700	0.4780	1.0553	-0.0570	0.1531	-0.3380	1.0913	-2.6000	1.2000	-0.5900	1.2906	-0.9610	0.1913	0.8160	0.3690	0.6700	0.7881	0.9030	1.4212	-0.4000	0.3000	-0.1680	1.0368	0.2310	0.3405	
333	-0.9820	0.1260	0.9850	0.1492	-1.9900	1.5475	-0.3150	1.3741	-0.4950	0.0497	0.3070	1.2482	-0.0330	0.1876	-0.3140	1.1041	-2.5200	1.2998	-0.5030	1.2200	-0.9760	0.1226	0.8160	0.3690	0.6600	0.7902	0.8450	1.3934	-0.4200	0.2713	-0.0600	1.1595	0.2300	0.3557	
334	-0.9910	0.0895	0.9740	0.1842	-2.2900	1.3878	-0.3600	1.4458	-0.4950	0.0497	0.3720	1.1065	-0.0510	0.1628	-0.2240	0.9447	-2.2400	1.5692	-0.5000	1.1784	-0.9720	0.1429	0.7290	0.4288	0.8500	0.7124	1.0090	1.4063	-0.4100	0.2862	0.1150	1.3720	0.2210	0.3395	
335	-0.9910	0.0895	0.9340	0.4362	-2.2750	1.4096	-0.5300	1.5179	-0.4900	0.0700	0.4450	1.0557	-0.0620	0.1427	-0.2680	1.1151	-2.5200	1.2998	-0.7010	1.3350	-0.9860	0.1020	0.7370	0.4120	0.7900	0.7252	0.9540	1.4162	-0.3700	0.3363	0.0420	1.2694	0.2130	0.3414	
336	-1.0000	0.0000	0.9340	0.4362	-2.5600	1.1473	-0.5350	1.5399	-0.4940	0.0597	0.5580	0.9332	-0.0770	0.1038	-0.4000	1.1853	-2.5200	1.2998	-0.7050	1.3319	-0.9860	0.1020	0.7930	0.3787	0.7700	0.6907	1.1820	1.4967	-0.3300	0.3756	-0.1000	1.1815	0.2160	0.3161	
337	-0.9950	0.0497	0.9740	0.1842	-2.5950	1.1061	-0.6150	1.6215	-0.4940	0.0597	0.6090	0.8609	-0.0880	0.0637	-0.4100	1.0986	-2.6000	1.2000	-0.7810	1.3596	-0.9950	0.0497	0.7330	0.5613	0.7900	0.7113	1.1530	1.4893	-0.3000	0.4000	0.0680	1.3054	0.1680	0.2983	
338	-1.0150	0.2056	0.9850	0.1492	-2.7150	0.9254	-0.8400	1.6746	-0.4940	0.0597	0.7660	0.6593	-0.0940	0.0237	-0.5100	1.1726	-2.5750	1.2173	-0.9900	1.4520	-1.0000	0.0000	0.6910	0.6282	0.6900	0.8086	0.9950	1.4881	-0.3000	0.4000	0.0510	1.2675	0.1530	0.4487	
339	-1.0200	0.1990	0.9560	0.2317	-2.6800	0.9786	-0.7500	1.6409	-0.4900	0.0714	0.7770	0.6539	-0.0890	0.0631	-0.5350	1.1624	-2.5200	1.2998	-1.0760	1.4604	-1.0000	0.0000	0.5730	0.8270	0.7700	0.7329	1.1350	1.5054	-0.2500	0.4330	0.3420	1.3900	0.1380	0.4540	
340	-1.0400	0.2800	0.9410	0.2732	-2.7550	0.8930	-0.9800	1.7028	-0.4850	0.0865	0.8750	0.3576	-0.0980	0.0140	-0.4660	1.0819	-2.6800	1.0852	-1.1640	1.4825	-1.0000	0.0000	0.6060	0.6748	0.7290	0.7062	1.2290	1.4864	-0.2700	0.4208	0.2350	1.3643	0.1290	0.4341	
341	-1.0200	0.1990	0.9500	0.2598	-2.8600	0.6859	-1.2310	1.7189	-0.4790	0.1032	0.8680	0.3575	-0.0990	0.0099	-0.6560	1.2277	-2.6400	1.1447	-1.2360	1.5059	-1.0000	0.0000	0.5820	0.7768	0.7580	0.6824	1.2930	1.4918	-0.2800	0.4142	0.2010	1.3412	0.0790	0.6196	
342	-1.0400	0.2800	0.9350	0.2971	-2.9650	0.3482	-1.0550	1.7305	-0.4730	0.1182	0.8350	0.3928	-0.0990	0.0099	-0.6770	1.2487	-2.6000	1.2000	-1.3810	1.5284	-1.0000	0.0000	0.4860	0.9091	0.7470	0.6263	1.0950	1.4726	-0.2400	0.4386	0.3650	1.4217	0.1400	0.4454	
343	-1.0400	0.2800	0.9200	0.3295	-2.9650	0.3482	-0.9550	1.7119	-0.4790	0.1032	0.8680	0.3575	-0.0990	0.0099	-0.6640	1.2528	-2.6400	1.1447	-1.5730	1.5178	-1.0000	0.0000	0.5010	0.8730	0.8060	0.6171	1.0950	1.4726	-0.2200	0.4490	0.4350	1.4613	0.1110	0.4456	
344	-0.9950	0.0497	0.9400	0.2939	-2.9650	0.3482	-0.7500	1.6591	-0.4740	0.1137	0.8790	0.3442	-0.1000	0.0000	-0.6640	1.2225	-2.6400	1.1447	-1.5780	1.5118	-1.0000	0.0000	0.4770	0.9926	0.8550	0.5380	1.0830	1.4830	-0.1700	0.4755	0.3700	1.4206	0.1720	0.3290	
345	-0.9950	0.0497	0.9250	0.3269	-2.9650	0.3482	-0.4250	1.5336	-0.4790	0.1032	0.9010	0.3148	-0.1000	0.0000	-0.6390	1.1724	-2.7600	0.9499	-1.6980	1.5007	-1.0200	0.1990	0.4880	0.9822	0.8350	0.4725	1.0490	1.4431	-0.1850	0.4618	0.4260	1.4701	0.1490	0.3015	
346	-0.9850	0.0853	0.9300	0.3084	-2.9650	0.3482	-0.2500	1.4257	-0.4790	0.1032	0.9120	0.2984	-0.1000	0.0000	-0.8250	1.2825	-2.7600	0.9499	-1.5520	1.5666	-1.0000	0.0000	0.5990	0.8210	0.8320	0.4567	1.1310	1.4401	-0.1350	0.4788	0.3960	1.4494	0.1790	0.3051	
347	-0.9850	0.0853	0.8900	0.3910	-3.0000	0.0000	-0.2740	1.4483	-0.4850	0.0853	0.9140	0.2922	-0.1000	0.0000	-0.9650	1.3599	-2.8090	0.8364	-1.4530	1.5769	-1.0000	0.0000	0.4820	1.0535	0.7810	0.5300	0.9790	1.4316	-0.1300	0.4828	0.3800	1.4562	0.1670	0.3040	
348	-0.9800	0.0980	0.9550	0.2559	-2.9600	0.3980	-0.0760	1.2785	-0.4850	0.0853	0.9050	0.3031	-0.1000	0.0000	-1.1420	1.5020	-2.7690	0.9180	-1.8130	1.4869	-1.0000	0.0000	0.4150	1.1047	0.7210	0.6427	0.9530	1.5130	-0.1000	0.4899	0.4490	1.5028	0.1610	0.3033	
349	-0.9610	0.1469	0.9700	0.2100	-2.9350	0.4564	0.0600	1.1333	-0.4850	0.0853	0.8830	0.3338	-0.1000	0.0000	-1.1910	1.5626	-2.7690	0.9180	-1.7180	1.5096	-1.0000	0.0000	0.4020	1.1578	0.7920	0.5793	0.9840	1.4626	-0.0800	0.4936	0.5830	1.5256	0.1480	0.3022	
350	-0.9710	0.1314	1.0000	0.0000	-2.9410	0.4131	0.0870	1.0900	-0.4850	0.0853	0.9010	0.3148	-0.1000	0.0000	-1.1000	1.4731	-2.7400	0.9553	-1.8280	1.4660	-1.0000	0.0000	0.1700	1.2783	0.8720	0.4499	0.8800	1.4031	-0.0500	0.4975	0.3910	1.4125	0.1550	0.3024	
351	-0.9550	0.1431	1.0000	0.0000	-2.9110	0.5061	0.1330	1.0477	-0.4900	0.0700	0.9120	0.2984	-0.1000	0.0000	-1.1400	1.5558	-2.7400	0.9553	-2.0380	1.4026	-1.0000	0.0000	0.2210	1.2346	0.8390	0.5207	0.8630	1.4179	0.0540	0.4947	0.6290	1.5176	0.1250	0.2964	
352	-0.9450	0.1564	1.0000	0.0000	-2.9700	0.2985	0.2700	0.8307	-0.5000	0.0707	0.9190	0.2976	-0.1000	0.0000	-1.4500	1.5322	-2.8090	0.8364	-2.1250	1.3730	-1.0000	0.0000	0.2240	1.2931	0.9050	0.4165	0.8750	1.4463	0.0600	0.4964	0.9070	1.5789	0.1580	0.4281	
353	-0.9150	0.1878	0.9910	0.0895	-2.9450	0.3866	0.3520	0.6865	-0.5000	0.0000	0.8900	0.3300	-0.1000	0.0000	-1.2710	1.6293	-2.5400	1.3223	-1.9730	1.4346	-1.0200	0.1990	0.2440	1.2259	0.8750	0.4603	0.8910	1.4674	0.1450	0.5626	0.8840	1.5248	0.1890	0.5075	
354	-0.9350	0.1682	1.0000	0.0000	-2.9450	0.3866	0.2860	0.8311	-0.4900	0.0995	0.9010	0.3148	-0.1000	0.0000	-1.3210	1.6417	-2.5600	1.3440	-2.0820	1.4093	-1.0200	0.3458	0.0310	1.4391	0.7750	0.6139	0.8320	1.4755	0.1500	0.6344	0.7660	1.5633	0.1950	0.4410	
355	-0.9250	0.1785	1.0000	0.0000	-2.9450	0.3866	0.2780	0.8310	-0.5000	0.0000	0.9230	0.2807	-0.1000	0.0000	-1.4610	1.5638	-2.5000	1.3675	-1.9020	1.5694	-1.0000	0.4000	-0.0090	1.4670	0.7900	0.6007	0.6570	1.3759	0.0950	0.5731	0.5910	1.4608	0.1750	0.5821	
356	-0.9250	0.1785	0.9800	0.1568	-2.9450	0.3866	0.3130	0.7631	-0.4900	0.0995	0.9340	0.2612	-0.1000	0.0000	-1.4460	1.4939	-2.5000	1.3675	-1.8750	1.5732	-0.9800	0.1990	0.2530	1.2603	0.8250	0.5585	0.6800	1.3611	0.0400	0.4984	0.7370	1.4891	0.1950	0.7221	
357	-0.9400	0.1625	0.9300	0.3002	-2.8650	0.5910	0.2700	0.8307	-0.4900	0.0995	0.9560	0.2156	-0.0990	0.0099	-1.4220	1.4758	-2.2800	1.6129	-1.9450	1.5419	-0.9800	0.1990	0.3210	1.1279	0.7500	0.6500	0.6110	1.3292	0.0400	0.4984	0.5840	1.4448	0.1420	0.6668	
358	-0.9300	0.1735	0.9350	0.2971	-2.8400	0.6359	0.2390	0.8921	-0.4900	0.0995	0.9780	0.1540	-0.1080	0.0902	-1.4810	1.4788	-2.2000	1.7436	-1.9120	1.5920	-1.0000	0.0000	0.1680	1.2863	0.7000	0.6928	0.4470	1.2649	0.0850	0.5747	0.3700	1.3357	0.1500	0.5723	
359	-0.9350	0.1682	0.8900	0.3846	-2.7060	0.8397	0.2400	0.8947	-0.5000	0.0000	0.9890	0.1094	-0.1070	0.0919	-1.3310	1.4278	-2.1600	1.7704	-1.8000	1.5492	-1.0000	0.0000	0.2860	1.2086	0.6200	0.7972	0.2670	1.0915	0.0150	0.5808	0.3360	1.3519	0.1440	0.4815	
360	-0.9300	0.1735	0.8700	0.4100	-2.6820	0.8643	0.3910	0.5977	-0.4850	0.1492	0.9580	0.2499	-0.1070	0.0919	-1.2700	1.4412	-2.2300	1.6053	-1.9100	1.4973	-1.0000	0.0000	-0.0580	1.4896	0.8000	0.5477	0.0730	0.9638	0.1350	0.5650	0.4170	1.3018	0.1780	0.5211	
361	-0.9600	0.1356	0.8850	0.3864	-2.6170	0.9534	0.2820	0.8311	-0.4850	0.1492	0.9580	0.2499	-0.0990	0.1118	-1.3500	1.4722	-2.1300	1.6411	-1.9100	1.4973	-1.0000	0.0000	-0.1040	1.4879	0.8250	0.6016	-0.0270	0.8778	0.1400	0.5704	0.4500	1.2753	0.1210	0.4486	
362	-0.9850	0.0853	0.9150	0.3321	-2.6370	0.9428	0.2470	0.8926	-0.5000	0.0000	0.9780	0.1540	-0.1080	0.1433	-1.2100	1.4649	-2.2400	1.5692	-1.8500	1.5708	-1.0000	0.0000	-0.2710	1.5551	0.8900	0.5224	-0.0800	0.8897	0.2150	0.6215	0.3450	1.2540	0.1220	0.3097	
363	-0.9950	0.0497	0.9390	0.2800	-2.5110	1.0840	0.0800	1.1374	-0.4940	0.0597	0.9780	0.1540	-0.1030	0.0964	-1.1200	1.4442	-2.1200	1.6570	-1.9500	1.4925	-1.0000	0.0000	-0.4490	1.5845	0.8250	0.7429	-0.1310	0.8431	0.2150	0.4757	0.1820	1.1082	0.1160	0.3081	
364	-0.9950	0.0497	0.9540	0.2398	-2.5960	1.0042	0.0800	1.1374	-0.4650	0.3482	0.9890	0.1094	-0.0980	0.0199	-1.0400	1.4136	-2.3310	1.4821	-2.1300	1.3613	-1.0000	0.0000	-0.7290	1.6003	0.7900	0.7752	-0.2010	0.7159	0.2150	0.4757	0.1650	1.0575	0.1390	0.3143	
365	-0.9600	0.3980	0.9700	0.1706	-2.6570	0.9344	0.1500	1.0500	-0.3250	0.7628	0.9490	0.4117	-0.0980	0.0199	-1.0100	1.4035	-2.2420	1.5854	-2.0100	1.4106	-1.0000	0.0000	-0.6450	1.5990	0.7900	0.8252	-0.1560	0.7753	0.2550	0.4555	0.1260	0.9735	0.1330	0.3131	
366	-0.9800	0.4468	0.9550	0.1883	-2.6070	0.9830	0.1500	1.0500	-0.2550	0.8930	0.9790	0.1472	-0.0870	0.1110	-0.9100	1.3498	-2.2640	1.5475	-2.0350	1.4076	-1.0000	0.0000	-0.5500	1.5168	0.6800	0.9938	-0.0160	0.9317	0.2650	0.4819	0.1020	0.9267	0.1170	0.4214	
367	-1.0400	0.2800	0.9700	0.1187	-2.6310	0.9316	0.1150	1.0951	-0.2750	0.8408	0.9690	0.1765	-0.0740	0.1560	-0.7450	1.2796	-2.1240	1.6879	-2.0050	1.4186	-1.0000	0.0000	-0.4390	1.4424	0.6000	1.1180	0.0250	0.9762	0.2600	0.4769	0.0940	0.9314	0.0820	0.3116	
368	-1.0210	0.3125	0.9800	0.0980	-2.7500	0.7665	0.2900	0.8312	-0.1700	1.0080	0.9550	0.2247	-0.0740	0.1560	-0.7000	1.2610	-2.1950	1.5914	-2.1550	1.3559	-1.0000	0.0000	-0.4170	1.3190	0.6900	1.0339	-0.0160	0.9317	0.3000	0.4359	0.0490	0.8304	0.0560	0.2937	
369	-1.0210	0.3125	0.9900	0.0700	-2.7600	0.7365	0.2100	0.9518	-0.0850	1.1047	0.9750	0.1785	-0.0630	0.1890	-0.5100	1.1000	-2.3310	1.6360	-2.1250	1.3700	-1.0000	0.0000	-0.6740	1.4794	0.5800	1.1634	0.0700	1.1114	0.2800	0.4320	0.0740	0.8752	0.1140	0.3092	
370	-1.0410	0.3693	0.9950	0.0497	-2.7200	0.7756	0.2100	0.9518	-0.2040	0.9171	0.9900	0.0995	-0.0830	0.1141	-0.4400	1.0423	-2.2510	1.6258	-2.0550	1.4123	-0.9600	0.3980	-0.5260	1.3598	0.5250	1.2194	0.1520	1.1778	0.2150	0.4596	0.2660	1.0516	0.0830	0.4264	
371	-1.0400	0.3720	0.9900	0.0995	-2.6800	0.7730	0.2650	0.9420	-0.1020	1.0594	1.0000	0.0000	-0.0830	0.1141	-0.5100	1.1269	-2.3800	1.4885	-2.1440	1.3751	-1.0000	0.0000	-0.4770	1.2673	0.4050	1.3905	0.1760	1.1703	0.2150	0.4596	0.2810	1.0431	0.0250	0.4109	
372	-1.0300	0.3861	0.9800	0.1400	-2.6400	0.8065	0.3150	0.7670	-0.0030	1.1822	1.0000	0.0000	-0.0790	0.1169	-0.3300	0.9387	-2.6500	1.1147	-2.3390	1.2447	-1.0000	0.0000	-0.6330	1.2138	0.5100	1.2609	-0.0090	0.9889	0.2550	0.4387	0.2950	1.0371	0.0290	0.4077	
373	-0.9900	0.2644	0.9850	0.1108	-2.5900	0.9602	0.2550	0.8930	0.1220	1.3135	1.0000	0.0000	-0.0850	0.1126	-0.2350	0.8169	-2.8450	0.7606	-2.4690	1.1376	-1.0000	0.0000	-0.5350	1.1434	0.3250	1.4669	-0.0330	0.9984	0.2700	0.4208	0.1890	0.8702	-0.0000	0.2408	
374	-0.9500	0.2179	0.9700	0.1706	-2.4700	1.0243	0.3550	0.6866	0.3120	1.4415	1.0000	0.0000	-0.0980	0.0199	-0.2300	0.8198	-2.8850	0.6552	-2.5390	1.0647	-1.0000	0.0000	-0.6780	1.1851	0.4200	1.3887	-0.1110	0.8402	0.3200	0.3842	0.1700	0.8229	-0.0000	0.2408	
375	-0.9600	0.1960	0.9800	0.1400	-2.5600	1.0800	0.4150	0.6521	0.2520	1.4497	1.0000	0.0000	-0.1020	0.0447	-0.2000	0.7714	-2.8450	0.7606	-2.4990	1.0840	-1.0000	0.0000	-0.5030	1.0400	0.3800	1.4285	-0.1290	0.8419	0.2850	0.4199	0.2350	0.9738	0.0160	0.2452	
376	-0.9690	0.1765	1.0200	0.1990	-2.5600	1.2831	0.4650	0.3482	0.1920	1.3335	1.0000	0.0000	-0.1040	0.0398	-0.1450	0.6569	-2.8850	0.6552	-2.5120	1.0596	-1.0000	0.0000	-0.4860	0.9789	0.5300	1.2526	-0.2500	0.5549	0.3700	0.3363	0.2340	0.9201	-0.0060	0.2357	
377	-0.9640	0.1825	1.0200	0.1990	-2.5200	1.2998	0.3850	0.6036	0.1990	1.3317	1.0000	0.0000	-0.1000	0.0000	-0.1350	0.6628	-2.8550	0.7117	-2.5440	1.0250	-1.0000	0.0000	-0.5590	1.0216	0.4300	1.3510	-0.3460	0.4182	0.3500	0.3571	0.1910	0.9469	0.0500	0.2820	
378	-0.9790	0.1472	1.0200	0.1990	-2.7200	0.9806	0.4200	0.4986	-0.0210	1.1347	1.0000	0.0000	-0.1000	0.0000	-0.1100	0.5941	-2.7890	0.8376	-2.6040	0.9601	-1.0000	0.0000	-0.4370	0.8633	0.4350	1.3165	-0.3330	0.4169	0.3760	0.3259	0.3310	1.0240	0.0980	0.2946	
379	-0.9640	0.1825	1.0000	0.0000	-2.8800	0.6823	0.4200	0.4986	-0.0490	1.1348	1.0000	0.0000	-0.1000	0.0000	-0.0800	0.5183	-2.8450	0.7606	-2.5240	1.0354	-0.9900	0.0995	-0.2650	0.7122	0.4350	1.3521	-0.3150	0.4222	0.3860	0.4285	0.6640	1.3063	0.1440	0.3080	
380	-0.9640	0.1825	1.0000	0.0000	-2.9000	0.6557	0.4900	0.0995	-0.1090	1.0503	1.0000	0.0000	-0.0980	0.0721	-0.0900	0.5262	-2.8450	0.7606	-2.6240	0.9150	-0.9900	0.0995	-0.3160	0.6562	0.6550	1.0528	-0.3110	0.3020	0.4200	0.3982	0.8560	1.3935	0.1620	0.3107	
381	-0.9800	0.1400	1.0000	0.0000	-3.0000	0.0000	0.4550	0.3612	-0.1840	0.9533	1.0000	0.0000	-0.1080	0.0560	-0.1250	0.5974	-2.9200	0.5600	-2.7090	0.8071	-0.9900	0.0995	-0.3790	0.5928	0.5900	1.1987	-0.3230	0.2973	0.3900	0.3048	0.7190	1.3483	0.1420	0.3011	
382	-0.9600	0.2417	1.0000	0.0000	-3.0000	0.0000	0.4900	0.0995	-0.1170	1.0496	1.0000	0.0000	-0.1160	0.0784	-0.1150	0.5910	-2.9600	0.3980	-2.7890	0.8436	-0.9900	0.0995	-0.3220	0.5676	0.6700	1.0845	-0.3410	0.2892	0.4100	0.2681	0.9160	1.4197	0.1780	0.3058	
383	-0.9900	0.0995	1.0000	0.0000	-2.9650	0.3482	0.4900	0.0995	-0.0720	1.0944	0.9850	0.1492	-0.1160	0.0784	-0.0850	0.5150	-2.9600	0.3980	-2.7090	0.9441	-0.9800	0.1990	-0.3810	0.6081	0.5550	1.2508	-0.3620	0.3013	0.4000	0.2828	0.7830	1.3752	0.2060	0.2999	
384	-1.0000	0.0000	0.9600	0.3980	-2.9450	0.3993	0.4800	0.1400	-0.1950	0.9014	0.9700	0.2100	-0.1240	0.0950	-0.0550	0.4236	-2.9600	0.3980	-2.6200	1.0176	-0.9600	0.2800	-0.3940	0.6240	0.4000	1.4283	-0.4020	0.2494	0.3650	0.3151	0.6870	1.3314	0.1970	0.3217	
385	-1.0000	0.0000	0.9600	0.3980	-2.9650	0.3482	0.4900	0.0995	-0.2210	0.8967	1.0000	0.0000	-0.1240	0.0950	-0.0850	0.5150	-2.9200	0.5600	-2.7100	0.9412	-0.9600	0.2800	-0.3900	0.5941	0.6700	1.0868	-0.3660	0.2747	0.4400	0.3555	0.8790	1.3720	0.2210	0.3606	
386	-1.0000	0.0000	1.0000	0.0000	-3.0000	0.0000	0.4850	0.1492	-0.1330	1.0536	0.9800	0.1990	-0.1330	0.1289	-0.0840	0.5153	-2.9200	0.5600	-2.6900	0.9560	-0.9700	0.2216	-0.4560	0.5970	0.7600	0.9499	-0.4010	0.2512	0.4600	0.3292	0.9260	1.4308	0.1940	0.4135	
387	-1.0000	0.0000	1.0000	0.0000	-3.0000	0.0000	0.4910	0.1184	0.0390	1.2130	0.9700	0.2216	-0.1420	0.1550	-0.1500	0.6538	-3.0000	0.0000	-2.6750	1.0802	-0.9700	0.2216	-0.4120	0.5959	0.6800	1.0852	-0.3500	0.3074	0.4350	0.2080	1.0460	1.4733	0.2090	0.3968	
388	-1.0000	0.0000	1.0000	0.0000	-3.0000	0.0000	0.4760	0.4427	0.2260	1.3645	0.9800	0.1990	-0.1120	0.0682	-0.1500	0.6538	-3.0000	0.0000	-2.6200	1.0889	-0.9700	0.2216	-0.3920	0.6092	0.6400	1.1447	-0.3320	0.3156	0.4500	0.1936	1.0150	1.4015	0.2240	0.3787	
389	-0.9800	0.1990	1.0000	0.0000	-3.0000	0.0000	0.4960	0.0398	0.4150	1.4766	0.9800	0.1990	-0.1120	0.0682	-0.1200	0.5879	-3.0000	0.0000	-2.6750	0.9470	-0.9600	0.1960	-0.4450	0.5971	0.6400	1.1447	-0.2910	0.3677	0.4600	0.1685	0.8660	1.3396	0.2720	0.3344	
390	-1.0000	0.0000	1.0000	0.0000	-3.0000	0.0000	0.4960	0.0398	0.2790	1.3936	0.9950	0.2872	-0.1080	0.0560	-0.1490	0.6541	-2.9710	0.2885	-2.7850	0.8039	-0.9600	0.1960	-0.5820	0.5339	0.7600	0.9499	-0.3010	0.3230	0.4650	0.1768	0.6840	1.2440	0.2800	0.3203	
391	-1.0000	0.0000	1.0000	0.0000	-3.0000	0.0000	0.4610	0.3501	0.2380	1.3448	0.9550	0.2837	-0.1120	0.0682	-0.0940	0.5232	-2.9710	0.2885	-2.7600	0.7952	-0.9500	0.2179	-0.5930	0.5311	0.6400	1.1447	-0.2390	0.4123	0.4700	0.1552	0.7530	1.2721	0.2990	0.4204	
392	-0.9700	0.2216	0.9950	0.0497	-3.0000	0.0000	0.3560	0.6862	0.2870	1.3777	0.9950	0.0497	-0.1060	0.0597	-0.0590	0.4377	-2.9710	0.2885	-2.8350	0.6784	-0.9200	0.2713	-0.6040	0.5280	0.7600	0.9069	-0.2600	0.3734	0.4810	0.1172	0.6430	1.1840	0.3140	0.4089	
393	-0.9400	0.3105	1.0000	0.0000	-2.9650	0.3482	0.4300	0.4900	0.4310	1.4907	0.9950	0.0497	-0.1020	0.0447	-0.0400	0.3137	-2.9710	0.2885	-2.7000	0.9301	-0.9200	0.2713	-0.6810	0.4991	0.8200	0.7534	-0.3130	0.3221	0.4810	0.1172	0.7290	1.2464	0.2590	0.5532	
394	-0.9800	0.1990	0.9840	0.1198	-3.0000	0.0000	0.4300	0.4900	0.6370	1.5937	1.0000	0.0000	-0.1060	0.0597	-0.0400	0.3137	-3.0000	0.0000	-2.5850	1.1069	-0.9010	0.4564	-0.7180	0.5888	0.8000	0.8246	-0.3160	0.3075	0.4480	0.1926	0.6740	1.2490	0.1870	0.7939	
395	-0.9800	0.1990	0.9780	0.1540	-2.9700	0.2985	0.5000	0.0000	0.8620	1.6202	1.0000	0.0000	-0.1020	0.0447	-0.0850	0.5150	-2.9200	0.6274	-2.5950	1.1061	-0.9610	0.1913	-0.7800	0.4400	0.8000	0.8246	-0.3180	0.3132	0.4490	0.1905	0.7330	1.2872	0.2250	0.7175	
396	-0.9800	0.1990	0.9780	0.1540	-2.9700	0.2985	0.5000	0.0000	0.9350	1.5950	0.9950	0.0497	-0.1060	0.0597	-0.1150	0.5910	-2.9200	0.6274	-2.6450	1.0661	-0.9610	0.1913	-0.7910	0.4315	0.8000	0.8246	-0.3370	0.3012	0.4690	0.3208	0.8510	1.3527	0.2340	0.7077	
397	-0.9900	0.0995	0.9890	0.1094	-2.9100	0.5118	0.5000	0.0000	0.6790	1.4490	0.9850	0.0853	-0.1060	0.0597	-0.0900	0.5118	-2.9400	0.3412	-2.7500	0.9124	-0.9500	0.2598	-0.8020	0.4226	0.7400	0.9656	-0.3790	0.2654	0.4450	0.3500	0.6650	1.2658	0.2380	0.5427	
398	-0.9800	0.1400	1.0000	0.0000	-2.9100	0.5118	0.5000	0.0000	0.4990	1.3674	0.9800	0.0980	-0.0900	0.0436	-0.0900	0.5118	-2.9600	0.2800	-2.8250	0.7628	-0.9400	0.3105	-0.8350	0.3928	0.7400	0.9656	-0.3640	0.2985	0.5550	0.6062	0.7160	1.2657	0.2230	0.3594	
399	-0.9710	0.1651	1.0000	0.0000	-2.9400	0.4200	0.5000	0.0000	0.3290	1.2572	0.9800	0.0980	-0.0920	0.0392	-0.1800	0.7125	-2.9250	0.4437	-2.8550	0.7117	-0.9500	0.2958	-0.9120	0.2984	0.6200	1.1557	-0.3950	0.2787	0.4740	0.5947	0.7170	1.3344	0.1840	0.3405	
400	-0.9710	0.1651	1.0000	0.0000	-2.9400	0.4200	0.4940	0.0597	0.3710	1.3530	0.9900	0.0700	-0.0630	0.3097	-0.3300	0.9387	-2.9800	0.1990	-2.8950	0.5971	-0.9100	0.4918	-0.9230	0.2807	0.3600	1.4389	-0.4250	0.1951	0.4050	0.5801	0.6070	1.2792	0.1720	0.3774	
401	-0.9600	0.1960	1.0000	0.0000	-2.9700	0.2985	0.4940	0.0597	0.3580	1.3573	0.9900	0.0700	0.0170	0.6158	-0.3300	0.9387	-3.0000	0.0000	-2.9300	0.4900	-0.9100	0.4918	-0.9130	0.2952	0.3600	1.4389	-0.4130	0.2082	0.3380	0.4489	0.8240	1.4161	0.2040	0.4561	
402	-0.9800	0.1400	1.0000	0.0000	-2.9700	0.2985	0.4940	0.0597	0.4470	1.4596	0.9900	0.0700	-0.1120	0.5627	-0.2700	0.8585	-2.9750	0.2487	-2.9300	0.4900	-0.8300	0.6642	-0.9010	0.3148	0.3000	1.5067	-0.4020	0.2396	0.3010	0.3775	0.8950	1.4675	0.3050	0.5581	
403	-0.9800	0.1400	1.0000	0.0000	-2.9700	0.2985	0.4880	0.0840	0.6660	1.5801	0.9640	0.1957	-0.1340	0.4598	-0.1800	0.7125	-2.9750	0.2487	-2.8950	0.5971	-0.9000	0.4123	-0.9010	0.3148	0.2700	1.5353	-0.4060	0.2275	0.3200	0.3614	0.7930	1.4985	0.2730	0.4951	
404	-0.9900	0.0995	1.0000	0.0000	-2.9000	0.5745	0.4950	0.0497	0.7000	1.6041	0.9790	0.1291	-0.1220	0.1316	-0.2400	0.8139	-2.9750	0.2487	-2.9650	0.3482	-0.8800	0.4534	-0.8680	0.3575	0.3100	1.5013	-0.3690	0.2667	0.3340	0.3589	0.7830	1.3969	0.2270	0.4310	
405	-0.9700	0.2216	1.0000	0.0000	-2.9300	0.4951	0.4600	0.3513	0.7060	1.6316	0.9950	0.0497	-0.1290	0.1596	-0.2700	0.8585	-2.9750	0.2487	-2.9650	0.3482	-0.8850	0.4464	-0.8900	0.3300	0.2490	1.5324	-0.3860	0.2458	0.3160	0.3684	0.8020	1.4146	0.2160	0.4251	
406	-0.9350	0.3291	0.9910	0.0895	-3.0000	0.0000	0.4150	0.5003	0.8380	1.7286	1.0000	0.0000	-0.1490	0.1992	-0.3000	0.9000	-3.0000	0.0000	-2.9300	0.4900	-0.8750	0.4763	-0.9210	0.3777	0.2390	1.5307	-0.4030	0.2330	0.2860	0.3922	0.6500	1.3276	0.1530	0.3381	
407	-0.9660	0.1986	0.9910	0.0895	-2.9690	0.3084	0.4600	0.3513	0.6280	1.7308	1.0000	0.0000	-0.1690	0.2357	-0.3000	0.9000	-3.0000	0.0000	-2.8950	0.5971	-0.7850	0.6052	-0.8880	0.4155	0.1390	1.6250	-0.3970	0.2381	0.3060	0.3605	0.4830	1.1841	0.0690	0.3337	
408	-0.9760	0.1733	1.0000	0.0000	-2.9690	0.3084	0.4600	0.3513	0.7080	1.7997	1.0000	0.0000	-0.1410	0.1715	-0.3590	0.9753	-3.0000	0.0000	-2.8950	0.5971	-0.7100	0.6971	-0.8440	0.4575	0.1330	1.6233	-0.3920	0.2305	0.3410	0.4414	0.6080	1.2709	0.0110	0.3660	
409	-0.9910	0.0895	1.0000	0.0000	-2.9690	0.3084	0.4650	0.3482	0.6840	1.7606	1.0000	0.0000	-0.1530	0.1819	-0.5390	1.1531	-3.0000	0.0000	-2.9300	0.4900	-0.6350	0.7611	-0.8000	0.4919	0.0930	1.6505	-0.3860	0.2354	0.3880	0.4932	0.5670	1.2503	0.0010	0.3002	
410	-0.9820	0.1260	1.0000	0.0000	-2.7790	0.8064	0.4850	0.4328	0.9290	1.7683	1.0000	0.0000	-0.1570	0.1851	-0.4780	1.1008	-3.0000	0.0000	-2.9300	0.4900	-0.5750	0.8074	-0.7890	0.4996	-0.0220	1.7262	-0.4170	0.3470	0.3300	0.3422	0.5520	1.2168	0.0380	0.3013	
411	-0.9550	0.1962	1.0000	0.0000	-2.8450	0.6756	0.4850	0.4328	0.8530	1.7422	1.0000	0.0000	-0.1590	0.1607	-0.6890	1.2631	-3.0000	0.0000	-2.8600	0.6859	-0.5050	0.8470	-0.8040	0.5461	-0.1420	1.7889	-0.4170	0.3470	0.3060	0.3768	0.6230	1.2989	0.0770	0.2973	
412	-0.9280	0.2442	1.0000	0.0000	-2.7830	0.7910	0.4600	0.3513	1.1140	1.7795	1.0000	0.0000	-0.1780	0.1847	-0.7790	1.3165	-3.0000	0.0000	-2.9650	0.3482	-0.4500	0.8874	-0.7190	0.5321	-0.0510	1.7514	-0.3930	0.3609	0.3300	0.3593	0.6960	1.3271	0.1040	0.2842	
413	-0.9370	0.2296	1.0000	0.0000	-2.6590	0.9700	0.4950	0.0497	1.2050	1.7946	1.0000	0.0000	-0.1860	0.1897	-0.7800	1.3159	-3.0000	0.0000	-3.0000	0.0000	-0.3400	0.9404	-0.6380	0.5110	-0.0110	1.7292	-0.3500	0.2598	0.3620	0.3196	0.9130	1.3827	0.1280	0.2912	
414	-0.9230	0.4340	1.0000	0.0000	-2.6920	0.9242	0.5050	0.0497	1.0050	1.8323	1.0000	0.0000	-0.1810	0.1742	-0.7200	1.2812	-3.0000	0.0000	-3.0000	0.0000	-0.3600	0.9330	-0.6760	0.4984	-0.0620	1.7482	-0.3620	0.2525	0.3180	0.3764	0.7270	1.3443	0.1160	0.2880	
415	-0.9120	0.4455	1.0000	0.0000	-2.7540	0.8344	0.5050	0.0497	1.3460	1.8496	1.0000	0.0000	-0.1660	0.1675	-0.6600	1.2427	-2.9600	0.3980	-2.9750	0.2487	-0.1800	0.9837	-0.6320	0.5161	-0.1300	1.7925	-0.3800	0.2400	0.2560	0.4124	0.6550	1.3625	0.1280	0.2912	
416	-0.9120	0.4455	1.0000	0.0000	-2.6920	0.9242	0.4900	0.1221	1.3810	1.8433	1.0000	0.0000	-0.1510	0.2007	-0.6590	1.2433	-2.9600	0.3980	-2.9750	0.2487	-0.1500	0.9836	-0.6210	0.5199	0.1100	1.6547	-0.3620	0.2525	0.3100	0.3767	0.6380	1.2879	0.1100	0.2862	
417	-0.9420	0.2299	1.0000	0.0000	-2.6610	0.9645	0.4760	0.1613	1.5270	1.7835	1.0000	0.0000	-0.1370	0.2048	-0.5700	1.1769	-2.9200	0.5600	-2.9250	0.4265	-0.1200	0.9826	-0.6430	0.5121	0.2100	1.6205	-0.3560	0.2562	0.2900	0.3923	0.5490	1.2706	0.1150	0.2971	
418	-0.9240	0.2581	1.0000	0.0000	-2.7340	0.8521	0.4560	0.2229	1.5610	1.7772	1.0000	0.0000	-0.1330	0.2015	-0.6300	1.2219	-2.9200	0.5600	-2.9500	0.3500	-0.0900	0.9909	-0.6050	0.5220	0.2800	1.5367	-0.3380	0.2664	0.3190	0.3823	0.5410	1.2302	0.1030	0.2934	
419	-0.8900	0.3176	1.0000	0.0000	-2.7760	0.7710	0.4320	0.2712	1.7810	1.7170	1.0000	0.0000	-0.1040	0.2293	-0.6590	1.2433	-2.8800	0.6823	-2.9500	0.3500	-0.1200	1.0323	-0.7100	0.4753	0.3150	1.5011	-0.3680	0.2485	0.2660	0.4060	0.3510	1.1282	0.0800	0.2750	
420	-0.8780	0.3345	0.9600	0.3980	-2.8380	0.6528	0.4210	0.2699	1.7660	1.7346	0.9800	0.1990	-0.1290	0.2155	-0.6290	1.2225	-2.8800	0.6823	-2.9750	0.2487	-0.1800	0.9837	-0.7150	0.4757	-0.0850	1.7735	-0.4100	0.2142	0.1920	0.4431	0.2410	1.0431	0.0920	0.2799	
421	-0.8310	0.3775	0.9600	0.3980	-2.9510	0.3489	0.4360	0.2784	2.0500	1.6117	0.9800	0.1990	-0.1000	0.2149	-0.4280	1.0426	-2.9200	0.5600	-2.9460	0.3791	-0.2000	0.9798	-0.8030	0.4146	-0.0400	1.7545	-0.4160	0.2082	0.1840	0.4545	0.2820	1.1255	0.1420	0.4045	
422	-0.8850	0.3198	0.9600	0.3980	-2.9500	0.3571	0.4520	0.2364	2.0300	1.6122	1.0000	0.0000	-0.0960	0.2222	-0.6200	1.1982	-2.8550	0.7221	-2.9710	0.2885	-0.1350	1.0268	-0.7700	0.4406	0.2400	1.5692	-0.3920	0.2305	0.2160	0.4347	0.3440	1.1349	0.0930	0.2794	
423	-0.8520	0.3568	0.9910	0.0895	-2.9500	0.3571	0.4720	0.1934	1.7350	1.7951	1.0000	0.0000	-0.0550	0.2837	-0.5700	1.1511	-2.8490	0.7438	-2.9710	0.2885	-0.1950	1.0171	-0.7760	0.4327	0.3600	1.4664	-0.3920	0.2305	0.2580	0.4198	0.4540	1.2126	0.1050	0.2837	
424	-0.8730	0.3510	0.9730	0.1535	-2.9100	0.4493	0.4970	0.0754	1.6240	1.7987	1.0000	0.0000	-0.0340	0.3037	-0.4700	1.0436	-2.8400	0.7838	-3.0000	0.0000	-0.1100	1.0261	-0.8090	0.4057	0.6400	1.1447	-0.4160	0.2082	0.3060	0.3924	0.7400	1.3485	0.1580	0.2970	
425	-0.8570	0.3581	0.9710	0.2174	-2.8800	0.4750	0.5010	0.0640	1.6670	1.8266	1.0000	0.0000	-0.0140	0.3289	-0.4800	1.0438	-2.8400	0.7838	-3.0000	0.0000	-0.1500	1.0595	-0.7930	0.4158	0.5600	1.2516	-0.4100	0.2142	0.3200	0.3842	0.8110	1.3705	0.1760	0.2990	
426	-0.8910	0.3102	0.9730	0.1535	-2.8000	0.6000	0.4900	0.0714	1.5300	1.8295	1.0000	0.0000	-0.0590	0.4387	-0.4300	0.9824	-2.8400	0.7838	-2.9690	0.3084	-0.1290	1.0505	-0.8480	0.3635	0.6400	1.1447	-0.4340	0.1877	0.3100	0.3923	0.6810	1.2710	0.1940	0.2999	
427	-0.9130	0.3698	0.9730	0.1535	-2.8400	0.5426	0.4680	0.1287	1.4790	1.8030	1.0000	0.0000	-0.0790	0.4355	-0.3800	0.9464	-2.8150	0.8175	-2.9600	0.3980	-0.1800	1.0332	-0.8180	0.3900	0.6800	1.0852	-0.4340	0.1877	0.3400	0.3666	0.7310	1.2786	0.2180	0.2995	
428	-0.8510	0.3448	0.9820	0.1260	-2.8800	0.4750	0.4640	0.1338	1.4220	1.7927	1.0000	0.0000	-0.1040	0.3881	-0.2500	0.7399	-2.8400	0.7838	-2.8850	0.6552	-0.1900	0.9919	-0.8240	0.3803	0.6800	1.0852	-0.4280	0.1950	0.3800	0.3250	0.7460	1.2767	0.2300	0.2985	
429	-0.8410	0.3547	0.9900	0.0995	-2.8510	0.5495	0.4740	0.1154	1.3520	1.7980	1.0000	0.0000	-0.1050	0.2747	-0.3000	0.7937	-2.9200	0.5600	-2.8850	0.6552	-0.1400	1.0002	-0.6990	0.4621	0.4000	1.4283	-0.3980	0.2254	0.4000	0.3000	0.8130	1.2471	0.2660	0.2926	
430	-0.8750	0.3238	0.9900	0.0995	-2.8250	0.6098	0.4800	0.1000	1.6250	1.7677	0.9850	0.1492	-0.1200	0.2542	-0.2500	0.7399	-2.9200	0.5600	-2.8850	0.6552	-0.2500	1.0259	-0.7490	0.4451	0.4400	1.3879	-0.4100	0.2142	0.3800	0.3250	0.8310	1.3060	0.2720	0.2912	
431	-0.8480	0.3488	0.9900	0.0995	-2.8250	0.6098	0.4790	0.1602	1.5580	1.7793	0.9850	0.1492	-0.1480	0.3767	-0.2700	0.7856	-2.9200	0.5600	-2.9250	0.5262	-0.2650	1.0209	-0.7990	0.4034	0.5200	1.2998	-0.4280	0.1950	0.3500	0.3571	0.8090	1.3570	0.2780	0.2897	
432	-0.8280	0.3677	0.9900	0.0995	-2.8650	0.5516	0.4730	0.1702	1.2920	1.8294	1.0000	0.0000	-0.1980	0.4812	-0.3400	0.8743	-2.9200	0.5600	-2.8900	0.6268	-0.3600	0.9851	-0.8580	0.3347	0.7200	1.0206	-0.4520	0.1628	0.3300	0.3756	0.7040	1.3382	0.2540	0.2951	
433	-0.8210	0.3702	0.9800	0.1400	-2.8850	0.5189	0.4670	0.1795	1.3940	1.8427	1.0000	0.0000	-0.1920	0.4575	-0.2100	0.7252	-2.8800	0.6823	-2.8550	0.7117	-0.2550	1.0380	-0.8540	0.3260	0.8800	0.6823	-0.4640	0.1425	0.3650	0.3380	1.0380	1.4657	0.2720	0.2912	
434	-0.8080	0.3754	0.9800	0.1400	-2.8650	0.5516	0.4670	0.1795	1.6320	1.7599	1.0000	0.0000	-0.2270	0.5789	-0.1400	0.6003	-2.8090	0.8364	-2.8950	0.5971	-0.4750	0.9066	-0.8500	0.2924	0.8800	0.6823	-0.4670	0.1795	0.3800	0.3326	0.9000	1.4408	0.2660	0.2926	
435	-0.8380	0.3515	0.9900	0.0995	-2.9050	0.4832	0.4570	0.2036	1.6590	1.7259	1.0000	0.0000	-0.1710	0.4158	-0.1600	0.6119	-2.9200	0.5600	-2.8990	0.5752	-0.4350	1.0091	-0.8170	0.3479	0.8000	0.8718	-0.4750	0.1645	0.4300	0.2551	1.0020	1.4220	0.2590	0.3033	
436	-0.8570	0.3335	0.9800	0.1400	-2.9250	0.4437	0.4490	0.2313	1.6240	1.7338	1.0000	0.0000	-0.1290	0.2885	-0.1600	0.6119	-2.8800	0.6823	-2.9300	0.4900	-0.5000	1.0440	-0.7990	0.3610	0.6800	1.0852	-0.4630	0.1831	0.4000	0.3000	1.1940	1.4966	0.2950	0.2941	
437	-0.8410	0.3819	0.9800	0.1400	-2.9450	0.3993	0.4320	0.2370	1.7740	1.6872	1.0000	0.0000	-0.1000	0.0000	-0.1300	0.5942	-2.7000	1.1091	-2.9650	0.3482	-0.4600	1.1395	-0.8140	0.3652	0.7600	0.9499	-0.4670	0.1320	0.4100	0.2862	1.5350	1.5094	0.2950	0.2941	
438	-0.8430	0.3777	0.9700	0.1706	-2.8850	0.7136	0.4300	0.2304	1.5610	1.7103	1.0000	0.0000	-0.1040	0.0398	-0.0800	0.4400	-2.8150	0.8175	-2.9300	0.4900	-0.3700	1.0877	-0.7650	0.5417	0.8600	0.7074	-0.4610	0.1435	0.3940	0.3039	1.2230	1.5032	0.2470	0.3054	
439	-0.8360	0.3531	0.9600	0.1960	-2.8650	0.7377	0.4550	0.1687	1.6240	1.7071	1.0000	0.0000	-0.1000	0.0000	-0.1100	0.5272	-2.7600	0.9499	-2.8600	0.6859	-0.3750	1.0059	-0.8310	0.3577	0.8600	0.7074	-0.4690	0.1239	0.3840	0.3165	1.2700	1.5271	0.2530	0.3045	
440	-0.8690	0.3252	0.9500	0.2179	-2.8700	0.7669	0.4500	0.1746	1.8090	1.6391	1.0000	0.0000	-0.1000	0.0000	-0.1400	0.6003	-2.7200	1.0206	-2.9300	0.4900	-0.4900	0.9591	-0.8260	0.3727	0.8100	0.8086	-0.4590	0.1408	0.4040	0.2905	1.0270	1.4768	0.2030	0.3217	
441	-0.9240	0.2581	0.9700	0.1706	-2.9300	0.4900	0.4230	0.2044	1.8230	1.6181	1.0000	0.0000	-0.1040	0.0398	-0.0750	0.4437	-2.7600	0.9499	-2.9650	0.3482	-0.6650	0.9951	-0.7770	0.4582	0.9300	0.4302	-0.4460	0.1640	0.4140	0.2761	1.0200	1.4442	0.1640	0.3402	
442	-0.9330	0.2446	0.9800	0.1400	-2.9000	0.5701	0.4520	0.3186	1.8530	1.6134	1.0200	0.1990	-0.1020	0.0447	-0.0700	0.4302	-2.7600	0.9499	-2.9300	0.4900	-0.8750	0.9444	-0.7650	0.5054	0.9600	0.1960	-0.3960	0.2490	0.4140	0.2761	0.8920	1.4073	0.1130	0.3506	
443	-0.9810	0.1332	0.9800	0.1400	-2.8950	0.5971	0.4570	0.4177	2.0260	1.5417	1.0000	0.2828	-0.1080	0.0744	-0.0500	0.3279	-2.8400	0.7838	-2.9650	0.3482	-0.9600	0.8709	-0.7390	0.5219	0.9500	0.2179	-0.3950	0.2601	0.4400	0.2375	1.0310	1.4329	0.1580	0.3395	
444	-1.0000	0.0000	0.9800	0.1400	-2.8950	0.5971	0.4650	0.4942	2.2500	1.3923	1.0200	0.1990	-0.1000	0.0849	-0.0510	0.3279	-2.8400	0.7838	-2.9300	0.4900	-1.0900	0.7854	-0.7710	0.5135	0.9500	0.2179	-0.4170	0.2059	0.3950	0.4260	1.0020	1.4220	0.1370	0.3557	
445	-1.0000	0.0000	0.9900	0.0995	-2.7550	0.8930	0.4840	0.4831	2.1110	1.4848	1.0200	0.1990	-0.1250	0.2985	-0.0600	0.3412	-2.7000	1.1091	-2.9650	0.3482	-1.0500	0.7566	-0.7790	0.4964	0.9300	0.2551	-0.4140	0.2392	0.4050	0.4165	1.1290	1.4496	0.1490	0.3576	
446	-1.0000	0.0000	1.0000	0.0000	-2.6500	1.0500	0.4990	0.6133	2.0790	1.4693	1.0200	0.1990	-0.1270	0.2976	-0.0400	0.3441	-2.6200	1.3174	-3.0000	0.0000	-1.0300	0.8798	-0.7470	0.5294	0.9350	0.2414	-0.3870	0.2855	0.3950	0.4260	1.0980	1.4424	0.1510	0.3167	
447	-1.0000	0.0000	1.0000	0.0000	-2.7200	0.9495	0.4990	0.5489	1.9870	1.5166	1.0000	0.0000	-0.1330	0.2909	0.0110	0.0999	-2.8200	0.8987	-3.0000	0.0000	-0.9450	0.9510	-0.7490	0.5266	0.9500	0.2179	-0.3770	0.2901	0.3400	0.5562	1.3140	1.4761	0.1670	0.3200	
448	-1.0000	0.0000	1.0000	0.0000	-2.5800	1.1374	0.5680	0.5810	2.2120	1.3575	0.9600	0.3980	-0.1620	0.4074	0.0100	0.0995	-2.8400	0.7838	-3.0000	0.0000	-1.1050	1.0800	-0.7080	0.5865	0.9400	0.3412	-0.3360	0.3339	0.2100	0.8549	1.0420	1.4214	0.1010	0.3061	
449	-1.0000	0.0000	1.0000	0.0000	-2.5450	1.1771	0.6930	0.7858	2.3030	1.3026	0.9600	0.3980	-0.1910	0.4956	0.0100	0.0995	-2.8900	0.6308	-3.0000	0.0000	-1.2450	1.1347	-0.6350	0.6397	0.9050	0.2889	-0.3020	0.3447	0.1450	0.9173	0.8370	1.3328	0.0980	0.2821	
450	-1.0000	0.0000	1.0000	0.0000	-2.5800	1.1374	0.7210	0.8173	2.2430	1.3801	1.0000	0.0000	-0.1330	0.2909	0.0000	0.0000	-2.8500	0.7399	-3.0000	0.0000	-1.1100	1.1104	-0.7000	0.6000	0.8900	0.3048	-0.2950	0.3642	0.1000	0.9695	0.8320	1.3359	0.0980	0.2821	
451	-0.9700	0.2216	1.0000	0.0000	-2.4400	1.2831	0.7460	0.8567	2.1540	1.4649	1.0000	0.0000	-0.1330	0.2909	0.0000	0.0000	-2.8400	0.7838	-2.9650	0.3482	-1.1000	1.1358	-0.6850	0.6110	0.8700	0.3288	-0.3160	0.3384	0.1050	1.0132	0.7470	1.2842	0.0800	0.2750	
452	-0.9600	0.2417	1.0000	0.0000	-2.5450	1.1771	0.6360	0.7321	2.1300	1.4374	0.9800	0.1990	-0.0770	0.3143	0.0000	0.0000	-2.7800	0.9755	-2.9650	0.3482	-1.1100	1.2661	-0.5550	0.7546	0.8800	0.3473	-0.2650	0.3705	0.1500	0.9631	0.7280	1.2560	0.0460	0.2651	
453	-0.9500	0.2598	1.0000	0.0000	-2.7550	0.8930	0.7210	0.8265	2.0100	1.5241	0.9400	0.3412	-0.1080	0.0560	0.0010	0.0099	-2.8000	0.8718	-2.9650	0.3482	-0.9700	1.3169	-0.5800	0.6735	0.8800	0.3400	-0.2670	0.3886	0.1700	0.9597	0.6570	1.2271	0.0390	0.2713	
454	-0.9400	0.3105	1.0000	0.0000	-2.7550	0.8930	0.6800	0.8035	1.7730	1.6514	0.9800	0.3458	-0.1040	0.0398	0.0000	0.0000	-2.9200	0.5600	-2.9600	0.3980	-0.9000	1.2884	-0.6100	0.6580	0.8750	0.3419	-0.2310	0.4261	0.1600	0.9615	0.5460	1.1788	0.0070	0.2650	
455	-0.9500	0.2958	1.0000	0.0000	-2.8600	0.6859	0.6090	0.7431	1.6100	1.6820	0.9490	0.4117	-0.1040	0.0398	0.0000	0.0000	-2.9200	0.5600	-2.9600	0.3980	-1.0300	1.3092	-0.4890	0.7148	0.9000	0.2739	-0.2110	0.4282	0.1850	0.9609	0.5830	1.1480	-0.0160	0.2353	
456	-0.9500	0.2958	1.0000	0.0000	-2.8600	0.6859	0.5730	0.7618	1.8170	1.6208	0.9800	0.3458	-0.1040	0.0398	0.0000	0.0000	-2.7910	0.9383	-2.9600	0.3980	-0.8500	1.2738	-0.5570	0.6673	0.8600	0.3169	-0.2550	0.4092	0.3150	0.6429	0.5600	1.1211	-0.0190	0.2637	
457	-0.9650	0.2475	1.0000	0.0000	-2.8040	0.8861	0.5130	0.6932	1.7110	1.6549	0.9400	0.5257	-0.1000	0.0000	0.0300	0.2985	-2.7620	0.9755	-2.9600	0.3980	-0.9800	1.2608	-0.5270	0.6803	0.8650	0.2988	-0.2410	0.3935	0.3700	0.5367	0.5140	1.1601	-0.0030	0.2689	
458	-0.9500	0.2872	1.0000	0.0000	-2.8990	0.5752	0.5020	0.7515	1.6050	1.6809	0.9800	0.3458	-0.1000	0.0000	0.0300	0.2985	-2.8910	0.6263	-2.9600	0.3980	-1.0500	1.2298	-0.4710	0.6973	0.8600	0.3089	-0.2160	0.3959	0.3950	0.4260	0.4930	1.1322	-0.0010	0.2777	
459	-0.9500	0.2872	1.0000	0.0000	-2.9300	0.4900	0.4240	0.5999	1.7030	1.6660	0.9650	0.3759	-0.1000	0.0000	0.0300	0.2985	-2.9200	0.5600	-2.9600	0.3980	-1.0450	1.1771	-0.4880	0.6892	0.8500	0.3202	-0.1830	0.4003	0.3950	0.4260	0.5700	1.1192	-0.0010	0.2777	
460	-0.9750	0.1785	1.0000	0.0000	-3.0000	0.0000	0.3170	0.4897	1.8620	1.5903	0.9650	0.2475	-0.1000	0.0000	0.0300	0.2985	-2.9600	0.3980	-3.0000	0.0000	-1.0350	1.1006	-0.4570	0.7297	0.8550	0.3186	-0.1800	0.3957	0.4160	0.2730	0.4250	0.9734	-0.0210	0.2769	
461	-1.0000	0.0000	1.0000	0.0000	-2.9400	0.5970	0.3580	0.5541	1.8830	1.6279	0.9650	0.2475	-0.1000	0.0000	0.0400	0.3137	-2.9400	0.4432	-3.0000	0.0000	-1.1350	1.2142	-0.4270	0.7375	0.8700	0.3051	-0.1980	0.3605	0.4020	0.2891	0.3550	0.9680	-0.0010	0.2985	
462	-1.0000	0.0000	1.0000	0.0000	-2.9400	0.5970	0.3330	0.4047	1.8550	1.6370	0.9850	0.1492	-0.1000	0.0000	0.0700	0.4302	-2.9200	0.5600	-3.0000	0.0000	-1.3050	1.2468	-0.4300	0.7457	0.8400	0.3231	-0.1920	0.3962	0.4160	0.2730	0.2890	0.8930	-0.0180	0.2729	
463	-1.0000	0.0000	1.0000	0.0000	-2.8800	0.8400	0.3240	0.4119	1.8450	1.6468	0.9850	0.1492	-0.1000	0.0000	0.0700	0.4302	-2.8800	0.6823	-3.0000	0.0000	-1.3300	1.3289	-0.4760	0.7822	0.8250	0.3345	-0.2340	0.3948	0.3800	0.3250	0.3470	0.9697	-0.0390	0.3006	
464	-1.0000	0.0000	1.0000	0.0000	-2.8800	0.8400	0.3350	0.4090	1.7920	1.6194	0.9650	0.2151	-0.1000	0.0000	0.0700	0.4302	-2.9290	0.5011	-2.9650	0.3482	-1.2150	1.3101	-0.5700	0.8050	0.7700	0.3703	-0.2630	0.3722	0.3500	0.3571	0.3290	0.9341	-0.0360	0.3005	
465	-1.0000	0.0000	1.0000	0.0000	-2.9400	0.5970	0.2970	0.3257	1.5830	1.6831	0.9550	0.2559	-0.1000	0.0000	0.0400	0.3137	-2.8690	0.7739	-2.8700	0.7669	-1.1750	1.2214	-0.5630	0.8023	0.8310	0.4056	-0.2720	0.3519	0.3700	0.3363	0.3070	0.9402	-0.0180	0.2941	
466	-1.0000	0.0000	1.0000	0.0000	-3.0000	0.0000	0.2820	0.3568	1.6770	1.6315	0.9550	0.2559	-0.1000	0.0000	0.0200	0.1400	-2.9290	0.5011	-2.8350	0.8368	-1.1800	1.2718	-0.6110	0.7298	0.7810	0.3607	-0.3230	0.3168	0.2650	0.5170	0.3400	0.9760	-0.0320	0.3165	
467	-1.0000	0.0000	1.0000	0.0000	-3.0000	0.0000	0.2790	0.3525	1.9540	1.4927	0.9700	0.2100	-0.1000	0.0000	0.0300	0.1706	-2.8490	0.7438	-2.8700	0.7669	-1.1800	1.2400	-0.6210	0.8517	0.7910	0.4409	-0.2860	0.3063	0.2750	0.5117	0.3220	0.9299	-0.0100	0.3434	
468	-1.0000	0.0000	1.0000	0.0000	-3.0000	0.0000	0.2540	0.3579	1.9940	1.4614	0.9550	0.2559	-0.1090	0.0895	0.0100	0.0995	-2.7960	0.8141	-2.8800	0.8400	-1.1100	1.2341	-0.6360	0.7100	0.7910	0.4466	-0.2720	0.3688	0.1200	0.7652	0.3150	0.8715	-0.0760	0.3314	
469	-0.9850	0.1492	0.9800	0.1990	-3.0000	0.0000	0.3020	0.3140	1.9830	1.4436	0.9250	0.3269	-0.1070	0.0919	0.0050	0.1117	-2.7160	0.9715	-2.8200	1.0235	-1.1050	1.3101	-0.7180	0.8080	0.8170	0.4186	-0.2580	0.3723	0.2100	0.7456	0.3890	0.9935	-0.0500	0.3025	
470	-1.0000	0.0000	0.9550	0.4006	-3.0000	0.0000	0.3090	0.2994	1.8740	1.4620	0.8990	0.3700	-0.0980	0.0199	0.0100	0.1221	-2.7160	0.9715	-2.6650	1.3455	-1.2190	1.3301	-0.6220	0.7951	0.8620	0.5169	-0.2160	0.5777	0.1950	0.8059	0.4980	1.1224	-0.0630	0.4270	
471	-1.0000	0.0000	0.9550	0.4006	-3.0000	0.0000	0.3160	0.4069	2.2160	1.3059	0.9790	0.3109	-0.0940	0.0341	0.0050	0.1117	-2.7380	0.9610	-2.8200	1.0235	-1.2530	1.3163	-0.6940	0.8872	0.8700	0.5771	-0.1630	0.5968	0.2550	0.7890	0.4450	1.1914	-0.0190	0.4284	
472	-1.0000	0.0000	0.9550	0.4006	-2.8800	0.8400	0.2270	0.5383	2.4270	1.1631	0.9600	0.3583	-0.0940	0.0341	0.0050	0.1117	-2.6580	1.0933	-2.7600	1.1758	-1.2830	1.3534	-0.7660	0.8830	0.8250	0.5540	-0.2190	0.4921	0.3000	0.7141	0.3940	1.1799	0.0320	0.3313	
473	-1.0000	0.0000	0.9550	0.4006	-2.7000	1.3077	0.1770	0.4796	2.5020	1.0750	0.9600	0.3583	-0.0940	0.0341	0.0100	0.1221	-2.8180	0.7994	-2.7600	1.1758	-1.1810	1.3316	-0.8820	0.8865	0.8200	0.4273	-0.1830	0.5189	0.2400	0.8470	0.4670	1.1746	0.0120	0.3141	
474	-0.9890	0.1094	0.9400	0.4259	-2.6400	1.4249	0.1840	0.4612	2.7290	0.8158	0.9850	0.1492	-0.0960	0.0280	0.0000	0.1225	-2.9290	0.5011	-2.9400	0.5970	-1.1860	1.3300	-0.8270	0.8351	0.7900	0.4482	-0.1920	0.5176	0.2600	0.8411	0.3740	0.9479	-0.0100	0.3180	
475	-0.9890	0.1094	0.9200	0.5600	-2.6400	1.4249	0.1710	0.5565	2.6460	0.9281	0.9540	0.2398	-0.1000	0.0000	0.0150	0.0853	-2.9380	0.4340	-2.8800	0.8400	-1.1840	1.3356	-0.7450	0.8375	0.8250	0.4815	-0.1740	0.4902	0.3400	0.6960	0.4480	1.0569	0.0290	0.3531	
476	-0.9790	0.1472	0.8800	0.6823	-2.7400	1.1884	0.1430	0.6350	2.5910	0.9858	0.9070	0.3430	-0.1180	0.3096	0.0100	0.0700	-2.9380	0.4340	-2.7600	1.1758	-1.2800	1.3246	-0.7970	0.8798	0.8300	0.4755	-0.1410	0.5857	0.3500	0.6910	0.4550	1.0585	-0.0030	0.3542	
477	-0.9890	0.1094	0.8800	0.6823	-2.8000	1.0392	0.1780	0.5518	2.5030	1.0795	0.8430	0.4184	-0.1180	0.3096	0.0200	0.0980	-2.9690	0.3084	-2.8200	1.0235	-1.3880	1.3852	-0.8540	0.9123	0.8100	0.4170	-0.1510	0.6325	0.4240	0.4035	0.4220	1.0766	-0.0040	0.3638	
478	-1.0000	0.0000	0.9600	0.3980	-2.7400	1.1884	0.1330	0.6372	2.5040	1.0772	0.8440	0.4102	-0.1760	0.5086	0.0150	0.0853	-2.9690	0.3084	-2.8200	1.0235	-1.4150	1.3380	-0.8860	0.8182	0.8400	0.4841	-0.1580	0.6444	0.3890	0.5280	0.3990	1.0944	-0.0180	0.3500	
479	-1.0000	0.0000	0.9550	0.4006	-2.7800	1.0543	0.0630	0.7712	2.4520	1.1610	0.8020	0.4665	-0.1180	0.3096	0.0200	0.1208	-3.0000	0.0000	-2.8200	1.0235	-1.5100	1.2922	-0.9540	0.8133	0.8050	0.4410	-0.1830	0.6451	0.3440	0.5516	0.4080	1.0864	-0.0360	0.3719	
480	-1.0000	0.0000	1.0000	0.0000	-2.7800	1.0543	-0.0340	0.9313	2.3970	1.1988	0.8230	0.4397	-0.1580	0.4060	0.0400	0.1685	-2.9400	0.5970	-3.0000	0.0000	-1.5000	1.3379	-0.9320	0.8621	0.7750	0.5214	-0.2890	0.5297	0.3800	0.5297	0.5060	1.1621	0.0330	0.4854	
481	-0.9950	0.0497	1.0000	0.0000	-2.7600	1.1758	0.0330	0.8925	2.3570	1.2439	0.8150	0.4596	-0.1290	0.2885	0.0200	0.0980	-2.9400	0.5970	-3.0000	0.0000	-1.5200	1.3746	-0.8520	0.7911	0.7100	0.4959	-0.3440	0.5773	0.4150	0.4065	0.4920	1.1722	0.0030	0.4987	
482	-0.9750	0.2046	0.9850	0.1492	-2.5800	1.5309	0.0870	0.6525	2.7030	0.9078	0.8630	0.3331	-0.1470	0.4220	0.0050	0.0497	-2.8800	0.8400	-2.9600	0.3980	-1.5490	1.3677	-0.7450	0.7599	0.6750	0.6647	-0.4380	0.7296	0.4350	0.3851	0.6030	1.2696	-0.0470	0.4842	
483	-0.9610	0.2271	0.9850	0.1492	-2.4600	1.7171	0.0920	0.7323	2.6790	1.0153	0.8160	0.3709	-0.1180	0.3096	0.0050	0.0497	-2.9400	0.5970	-2.8800	0.6823	-1.5790	1.3292	-0.6680	0.6050	0.6900	0.5513	-0.4800	0.6485	0.4100	0.5069	0.6610	1.3108	-0.0610	0.3942	
484	-0.9430	0.2570	0.9700	0.2100	-2.4000	1.8000	-0.0030	0.9051	2.5670	1.2444	0.8070	0.3769	-0.1160	0.5255	0.0100	0.0700	-2.8810	0.7211	-2.9200	0.5600	-1.7450	1.1737	-0.6770	0.6033	0.6650	0.4953	-0.4300	0.6092	0.4000	0.5148	0.7880	1.2872	-0.0960	0.3611	
485	-0.9520	0.2427	0.9850	0.1492	-2.4000	1.8000	0.0030	0.8042	2.4840	1.4875	0.7730	0.3580	-0.0670	0.5246	0.0050	0.0497	-2.7320	1.0424	-2.9600	0.3980	-1.6950	1.1043	-0.6690	0.5519	0.6650	0.4953	-0.4440	0.5987	0.4200	0.4986	0.7370	1.2420	-0.0540	0.3761	
486	-0.9670	0.1504	0.9700	0.2100	-2.5800	1.5309	0.0370	0.8018	2.4770	1.4414	0.8300	0.3226	-0.0670	0.5246	0.0050	0.0497	-2.7310	1.0450	-2.9800	0.1990	-1.7150	1.1096	-0.6670	0.5544	0.6250	0.5068	-0.4610	0.5919	0.4100	0.5069	0.6360	1.1921	-0.0580	0.3943	
487	-0.9660	0.1563	0.9450	0.2906	-2.3710	1.8134	0.0970	0.6692	2.4840	1.3613	0.8610	0.3026	-0.0980	0.4245	0.0050	0.0497	-2.7310	1.0450	-3.0000	0.0000	-1.6900	1.0835	-0.6560	0.5586	0.6800	0.5546	-0.5070	0.6255	0.4550	0.3612	0.6090	1.1683	-0.0440	0.3930	
488	-0.9710	0.1492	0.9800	0.1568	-2.1530	2.0037	0.0330	0.7960	2.4200	1.4097	0.8660	0.3007	-0.1870	0.4947	0.0050	0.0497	-2.6400	1.2925	-3.0000	0.0000	-1.8900	1.0478	-0.5720	0.5793	0.6350	0.6118	-0.5120	0.6234	0.4550	0.3612	0.7540	1.2280	0.0040	0.3893	
489	-0.9860	0.1020	0.9900	0.0700	-1.8420	2.2950	0.1230	0.6757	2.4510	1.3224	0.8640	0.2985	-0.1360	0.5207	0.0000	0.0000	-2.6700	1.1923	-3.0000	0.0000	-1.8900	1.0089	-0.5640	0.5239	0.6450	0.5581	-0.5210	0.5536	0.4700	0.3523	0.7630	1.2228	0.0860	0.3701	
490	-0.9810	0.1129	0.9900	0.0700	-2.0620	2.1186	0.0320	0.7455	2.3640	1.5025	0.8050	0.3542	-0.2030	0.6619	0.0000	0.0000	-2.5840	1.3355	-3.0000	0.0000	-1.9000	1.0247	-0.5280	0.5333	0.6000	0.5196	-0.5960	0.6966	0.4700	0.3523	0.7060	1.1829	0.0700	0.3537	
491	-0.9910	0.0895	0.9550	0.4006	-1.8050	2.2277	-0.0200	0.7427	2.2940	1.5496	0.7730	0.3823	-0.2720	0.6444	0.0000	0.0000	-2.4950	1.4648	-3.0000	0.0000	-2.0200	1.0294	-0.4650	0.5360	0.5750	0.5166	-0.6710	0.7633	0.4700	0.3523	0.6190	1.1157	0.0780	0.3451	
492	-0.9910	0.0895	0.9850	0.0853	-1.8910	2.0946	0.0620	0.6148	2.4100	1.2946	0.8330	0.3268	-0.2680	0.6928	0.0000	0.0000	-2.5610	1.1281	-3.0000	0.0000	-2.0100	1.0148	-0.4000	0.5329	0.5100	0.5195	-0.7910	0.8644	0.4950	0.0497	0.6490	1.1387	0.1080	0.3186	
493	-1.0000	0.0000	0.9650	0.1768	-2.3630	1.6542	0.0110	0.5512	2.5350	1.1069	0.7660	0.3628	-0.2960	0.7443	0.0300	0.2985	-2.4160	1.2429	-3.0000	0.0000	-2.0800	0.9968	-0.3770	0.5312	0.4850	0.5218	-0.8800	0.9714	0.4900	0.0700	0.5920	1.0898	0.0840	0.3107	
494	-1.0000	0.0000	0.9560	0.1966	-2.2460	1.7077	0.0110	0.5402	2.6900	0.9300	0.7660	0.3897	-0.2320	0.6406	0.0000	0.0000	-2.7080	0.9734	-3.0000	0.0000	-2.1800	0.9837	-0.2850	0.5141	0.4260	0.5255	-0.9380	1.0933	0.4850	0.0853	0.7750	1.2194	0.0500	0.3025	
495	-1.0000	0.0000	0.9410	0.2112	-2.3930	1.5244	-0.0160	0.6311	2.6280	1.0074	0.7650	0.3981	-0.2600	0.6974	0.0000	0.0000	-2.7950	0.8593	-2.9700	0.2985	-2.0800	0.9968	-0.3200	0.5221	0.5260	0.6292	-0.7860	1.0898	0.4800	0.0980	0.9390	1.3173	0.0300	0.2848	
496	-1.0000	0.0000	0.9360	0.2156	-2.3330	1.6696	0.0270	0.5635	2.6030	1.0286	0.7320	0.4159	-0.1790	0.4999	0.0000	0.0000	-2.8240	0.8157	-2.9400	0.4200	-2.0000	1.0000	-0.3740	0.5336	0.5810	0.7298	-0.7850	1.0905	0.4850	0.0853	0.9930	1.3457	0.0060	0.2905	
497	-1.0000	0.0000	0.9450	0.1987	-2.4790	1.3481	0.0020	0.6370	2.6960	0.9138	0.6740	0.4498	-0.2090	0.5729	0.0000	0.0000	-2.8530	0.7686	-2.9700	0.2985	-2.1200	0.9928	-0.3620	0.5327	0.4610	0.6021	-0.8030	1.2661	0.4800	0.0980	0.9660	1.3319	-0.0100	0.2862	
498	-0.9600	0.3980	0.9350	0.2414	-2.3810	1.5080	-0.0730	0.9154	2.6960	0.9138	0.7100	0.4182	-0.2090	0.5729	-0.0100	0.0995	-2.7060	1.0668	-3.0000	0.0000	-2.3200	1.0666	-0.2090	0.5843	0.3820	0.5189	-0.7990	1.3423	0.4800	0.0980	0.8770	1.2916	0.0310	0.4277	
499	-1.0000	0.0000	0.9450	0.2334	-2.5390	1.3025	-0.1380	0.6219	2.6670	0.9490	0.6340	0.4502	-0.2670	0.6931	-0.0100	0.0995	-2.8240	0.8157	-3.0000	0.0000	-2.2800	1.0778	-0.1740	0.8212	0.3150	0.5062	-0.8500	1.2073	0.4800	0.0980	0.7920	1.2411	0.0470	0.4234	
500	-1.0000	0.0000	0.9050	0.2889	-2.5140	1.2924	-0.1290	0.5470	2.7210	0.8872	0.5730	0.4737	-0.1510	0.4115	-0.0100	0.0995	-2.9130	0.4947	-3.0000	0.0000	-2.3600	1.0538	-0.2620	0.6051	0.2680	0.5440	-0.8650	1.0882	0.4450	0.2109	0.8480	1.2760	-0.0160	0.2942	
501	-1.0000	0.0000	0.8750	0.3269	-2.5750	1.1661	-0.1220	0.4542	2.7830	0.7910	0.5670	0.4731	-0.1460	0.4163	-0.0140	0.1114	-2.9420	0.4060	-3.0000	0.0000	-2.4800	1.0048	-0.2150	0.5910	0.1810	0.4872	-0.7700	0.9960	0.4500	0.2179	0.9370	1.3188	-0.0320	0.2887	
502	-1.0000	0.0000	0.8400	0.3992	-2.6370	1.0473	-0.1200	0.4468	2.7740	0.8280	0.6190	0.4404	-0.1230	0.2952	-0.0080	0.1007	-2.9710	0.2885	-3.0000	0.0000	-2.4000	0.9165	-0.2410	0.5973	0.2970	0.4842	-0.7700	0.9960	0.4400	0.2267	1.0240	1.3558	-0.0000	0.2987	
503	-0.9900	0.0995	0.8350	0.3811	-2.6880	0.9463	-0.1520	0.4314	2.9070	0.5288	0.5810	0.4498	-0.1270	0.2976	-0.0070	0.1012	-2.9130	0.4947	-3.0000	0.0000	-2.3600	0.9330	-0.2150	0.5910	0.2470	0.4708	-0.9250	1.1166	0.4400	0.2154	0.9620	1.3347	-0.0080	0.3142	
504	-0.9900	0.0995	0.8700	0.3288	-2.7530	0.9118	-0.1680	0.4226	2.8780	0.5979	0.5780	0.4649	-0.1310	0.5147	-0.0270	0.1720	-2.8280	0.8033	-3.0000	0.0000	-2.3450	1.0833	-0.2180	0.6839	0.1760	0.4020	-0.9600	1.2076	0.4400	0.2154	0.7270	1.2080	0.0140	0.3774	
505	-0.9900	0.0995	0.8250	0.4085	-2.8510	0.7361	-0.1810	0.5161	2.8230	0.7096	0.5320	0.4927	-0.1620	0.4074	-0.0190	0.1993	-2.8340	0.6587	-2.9800	0.1990	-2.4290	0.9220	-0.2200	0.8041	0.1350	0.2988	-1.2300	1.2518	0.4000	0.3808	0.6130	1.1191	0.0770	0.3693	
506	-0.9900	0.0995	0.8400	0.4055	-2.8850	0.6552	-0.2070	0.5156	2.7520	0.8059	0.5120	0.5066	-0.1870	0.4947	-0.0200	0.1990	-2.8590	0.6156	-2.9800	0.1990	-2.3890	0.9396	-0.2240	0.8152	0.1050	0.2479	-1.2040	1.1992	0.4100	0.3767	0.5200	1.0431	0.0950	0.3748	
507	-0.9800	0.1400	0.7550	0.5408	-2.9600	0.3980	-0.3020	0.5523	2.8030	0.7322	0.4810	0.4975	-0.2160	0.5683	-0.0100	0.1729	-2.7990	0.7372	-2.9800	0.1990	-2.2580	1.0008	-0.2440	0.8217	0.1000	0.2449	-1.1640	1.2053	0.4050	0.3788	0.5700	1.1015	0.0920	0.3719	
508	-0.9600	0.2417	0.7950	0.4904	-2.9400	0.4432	-0.3160	0.5355	2.8190	0.7270	0.4950	0.4780	-0.3010	0.7407	0.0000	0.1414	-2.7240	0.8338	-2.9600	0.2800	-2.2730	1.0031	-0.2250	0.9401	0.1250	0.2681	-1.0440	1.2156	0.4300	0.1735	0.8380	1.2826	0.0620	0.3619	
509	-0.9600	0.2417	0.7900	0.5924	-2.9400	0.4432	-0.2730	0.6187	2.8300	0.6901	0.5350	0.4738	-0.3320	0.7868	0.0100	0.1729	-2.7520	0.8011	-3.0000	0.0000	-2.1930	1.0215	-0.1680	1.0517	0.1450	0.2941	-1.1240	1.2862	0.4350	0.1682	0.7950	1.3472	0.0480	0.3673	
510	-0.9900	0.0995	0.7900	0.6678	-2.9400	0.4432	-0.2110	0.5575	2.7970	0.7564	0.5060	0.4634	-0.2700	0.6903	0.0010	0.1418	-2.7310	0.8196	-3.0000	0.0000	-2.1490	1.0059	-0.2750	1.1567	0.1950	0.3528	-1.1950	1.3302	0.4050	0.3788	0.8440	1.3208	-0.0380	0.4651	
511	-0.9900	0.0995	0.8550	0.4489	-2.9400	0.4432	-0.1420	0.4879	2.8120	0.7039	0.5130	0.4638	-0.3880	0.8709	0.0000	0.2000	-2.8250	0.6379	-3.0000	0.0000	-2.1290	1.0087	-0.5200	1.0458	0.2100	0.3477	-1.2850	1.3421	0.3950	0.3827	0.9380	1.3551	-0.0660	0.5461	
512	-0.9750	0.1785	0.8500	0.4664	-2.9600	0.3980	-0.0840	0.5083	2.8430	0.6404	0.4750	0.4642	-0.2390	0.7630	-0.0100	0.1729	-2.8250	0.6379	-3.0000	0.0000	-2.1350	0.9971	-0.4480	1.0740	0.1300	0.3132	-1.2100	1.3137	0.3900	0.4036	0.7450	1.2774	0.0180	0.5585	
513	-0.9750	0.1785	0.9000	0.3391	-2.9600	0.3980	-0.0600	0.4974	2.7530	0.8116	0.5270	0.4532	-0.2390	0.7630	-0.0150	0.2056	-2.8000	0.6782	-2.9800	0.1990	-2.1750	1.0305	-0.3860	1.1249	0.1050	0.3186	-1.2600	1.3388	0.4060	0.4720	0.7150	1.2592	0.1060	0.3649	
514	-0.9760	0.1733	0.8300	0.4859	-2.9710	0.2885	-0.0210	0.5896	2.8430	0.6404	0.5410	0.4181	-0.2680	0.8108	0.0050	0.1499	-2.8000	0.6782	-2.9600	0.2800	-1.9350	1.1173	-0.6400	1.1110	0.1650	0.3468	-1.3450	1.3185	0.4810	0.4835	0.6420	1.2784	0.0760	0.3723	
515	-0.9610	0.2271	0.9050	0.4566	-2.9710	0.2885	-0.0550	0.4955	2.8740	0.5681	0.5470	0.4253	-0.2380	0.7633	0.0000	0.2000	-2.8250	0.6379	-2.9000	0.5196	-2.0200	1.0390	-0.5210	1.0642	0.1750	0.3631	-1.4950	1.3143	0.4560	0.4119	0.5130	1.1506	0.1460	0.3675	
516	-0.9850	0.1492	0.8800	0.4069	-2.9710	0.2885	-0.0620	0.5043	2.9090	0.4559	0.5080	0.4088	-0.1520	0.5886	-0.0100	0.1729	-2.8500	0.5937	-2.9200	0.4833	-2.0200	1.0390	-0.4810	1.0920	0.2090	0.3693	-1.4600	1.2839	0.4540	0.4318	0.4480	1.0425	0.1760	0.3707	
517	-0.9850	0.1492	0.8650	0.4293	-2.9420	0.4060	-0.0450	0.5903	2.8380	0.6528	0.5570	0.3764	-0.1230	0.5144	0.0000	0.0000	-2.8750	0.5449	-2.9200	0.4833	-2.0200	1.0390	-0.5180	1.0667	0.2010	0.3640	-1.5350	1.2986	0.4190	0.3529	0.5160	1.0960	0.1790	0.4807	
518	-0.9900	0.0995	0.8950	0.3827	-2.8840	0.5683	0.0620	0.7273	2.7630	0.8103	0.5640	0.3892	-0.0590	0.5256	0.0000	0.0000	-2.7700	0.7329	-2.9800	0.1990	-2.1200	1.0323	-0.3690	1.0000	0.1670	0.3353	-1.2900	1.2613	0.4240	0.1812	0.5080	1.0998	0.2000	0.3715	
519	-0.9900	0.0995	0.8950	0.3626	-2.9120	0.5005	-0.0300	0.5994	2.7120	0.8751	0.5460	0.4112	-0.1520	0.5907	0.0000	0.0000	-2.8200	0.6577	-2.9800	0.1990	-2.3400	0.9404	-0.2760	1.0140	0.1380	0.2935	-1.2600	1.2155	0.4040	0.1985	0.5070	1.1013	0.2440	0.3407	
520	-0.9650	0.2032	0.9050	0.3138	-2.8830	0.5732	-0.0050	0.6509	2.6500	0.9584	0.6230	0.3789	-0.1500	0.5912	0.0000	0.0000	-2.7950	0.6968	-2.9800	0.1990	-2.3800	0.9250	-0.3170	1.1063	0.1160	0.2489	-1.1990	1.2460	0.3790	0.2155	0.7630	1.2628	0.1780	0.3599	
521	-0.9850	0.1492	0.8350	0.4246	-2.9710	0.2885	-0.0380	0.5095	2.6190	0.9960	0.6110	0.3755	-0.1850	0.6540	0.0000	0.0000	-2.8450	0.6152	-2.9000	0.6557	-2.3400	0.9404	-0.5210	1.0921	0.1630	0.3888	-1.4190	1.2890	0.3830	0.2145	0.7350	1.2435	0.1760	0.3542	
